
To properly integrate our IT model, coded in C++, with the tested uncorrelatedinstances, we employ the following structure.

15  // (NbInstance=15) Number of total cross (n,m,L) to specify, for example if we use just two type of instances (8,2,0.7) and (20,2,0.7) we have NbInstance=2


8  // number of jobs (n=8)	
2  // number of machines	(m=2)
0.7 // server load (L=0.7)

// For each instance, the initial n values represent the job processing times, and the subsequent n values denote the setup times for the jobs. We perform a cross-analysis of five instances for each combination of (n, m, L).

71,	90,	94,	53,	62,	3,	99,	22
12,	12,	58,	15,	39,	32,	21,	69	

96,	64,	21,	35,	46,	35,	31,	5
4,	44,	20,	37,	34,	51,	42,	3	

20,	85,	66,	61,	14,	63,	79,	20
21,	3,	16,	33,	39,	37,	29,	69	

38,	32,	57,	43,	89,	99,	66,	56
45,	47,	9,	1,	51,	12,	58,	49	

81,	85,	81,	29,	85,	99,	55,	70
22,	16,	51,	8,	41,	44,	64,	8	


20	
2	
0.7

25,	36,	27,	10,	63,	5,	16,	66,	96,	36,	62,	66,	1,	45,	51,	85,	83,	3,	48,	98
32,	27,	64,	18,	30,	26,	65,	21,	28,	63,	28,	66,	23,	59,	21,	55,	63,	31,	55,	10	

11,	39,	52,	34,	86,	31,	14,	69,	87,	70,	62,	36,	48,	6,	80,	91,	60,	52,	56,	95
3,	41,	56,	40,	18,	10,	31,	35,	41,	8,	50,	58,	3,	68,	18,	30,	29,	64,	55,	14	

68,	61,	19,	99,	59,	40,	32,	14,	34,	11,	39,	51,	83,	64,	13,	70,	68,	40,	58,	40
22,	28,	47,	52,	9,	60,	35,	65,	42,	13,	49,	25,	31,	13,	15,	62,	50,	8,	20,	67	

69,	77,	36,	93,	84,	8,	90,	73,	82,	50,	82,	92,	43,	37,	55,	47,	63,	76,	32,	12
21,	44,	37,	41,	45,	26,	47,	11,	28,	23,	67,	68,	14,	64,	31,	53,	26,	10,	31,	47	

24,	36,	18,	43,	44,	83,	83,	80,	64,	49,	77,	28,	50,	58,	74,	20,	71,	15,	48,	83
58,	16,	59,	45,	26,	15,	57,	57,	22,	25,	69,	68,	65,	40,	32,	47,	27,	68,	29,	61	


50	
2	
0.7

5,	34,	54,	26,	13,	97,	18,	28,	58,	16,	83,	88,	72,	75,	66,	6,	10,	58,	13,	45,	12,	5,	87,	28,	77,	88,	63,	30,	48,	21,	32,	87,	68,	9,	79,	8,	45,	71,	96,	27,	97,	84,	93,	44,	21,	10,	41,	45,	92,	39
4,	16,	33,	20,	48,	19,	14,	59,	31,	43,	36,	51,	21,	16,	17,	70,	1,	56,	33,	17,	61,	60,	15,	44,	25,	20,	18,	14,	46,	56,	16,	12,	24,	2,	13,	32,	52,	31,	10,	53,	56,	49,	13,	53,	44,	62,	46,	28,	23,	10	

58,	46,	93,	81,	99,	32,	23,	40,	61,	32,	62,	32,	86,	97,	65,	84,	15,	96,	21,	27,	99,	33,	47,	37,	43,	1,	100,	97,	49,	30,	87,	87,	93,	60,	62,	84,	99,	84,	39,	4,	40,	89,	40,	75,	81,	53,	69,	20,	72,	26
14,	5,	1,	68,	21,	12,	36,	34,	20,	15,	30,	61,	46,	56,	10,	42,	9,	40,	68,	41,	60,	13,	52,	37,	58,	16,	64,	45,	55,	13,	23,	41,	42,	64,	58,	70,	16,	25,	70,	33,	54,	29,	67,	40,	44,	57,	61,	63,	49,	25	

4,	53,	11,	82,	50,	42,	88,	73,	58,	46,	8,	11,	7,	10,	77,	62,	5,	37,	48,	12,	35,	59,	44,	9,	75,	75,	96,	45,	84,	39,	26,	43,	17,	96,	49,	12,	65,	56,	52,	61,	21,	12,	19,	22,	63,	13,	11,	69,	85,	90
64,	16,	21,	68,	45,	1,	37,	28,	43,	12,	1,	22,	20,	15,	60,	62,	36,	5,	48,	37,	36,	52,	23,	11,	36,	24,	5,	23,	65,	50,	60,	60,	59,	34,	8,	13,	60,	68,	26,	19,	55,	38,	29,	12,	50,	18,	55,	17,	24,	33	

34,	9,	6,	88,	42,	75,	94,	51,	13,	73,	33,	48,	71,	38,	31,	32,	50,	74,	51,	78,	72,	1,	62,	36,	76,	17,	98,	36,	65,	79,	10,	10,	54,	65,	43,	48,	98,	84,	52,	85,	78,	87,	69,	46,	99,	79,	87,	71,	70,	96
13,	29,	38,	22,	32,	38,	18,	9,	13,	22,	70,	19,	69,	50,	26,	24,	62,	65,	51,	12,	54,	8,	32,	24,	18,	8,	7,	10,	15,	25,	1,	19,	53,	45,	53,	57,	59,	49,	9,	17,	13,	67,	4,	23,	65,	70,	48,	22,	55,	63	

73,	21,	66,	68,	10,	37,	97,	51,	50,	30,	92,	77,	24,	31,	43,	57,	13,	97,	75,	59,	41,	47,	3,	63,	42,	72,	73,	69,	40,	58,	69,	48,	96,	11,	12,	58,	64,	93,	4,	22,	50,	82,	92,	23,	53,	16,	98,	54,	11,	15
63,	51,	26,	62,	45,	31,	28,	22,	44,	50,	10,	15,	21,	70,	49,	45,	8,	68,	17,	56,	26,	59,	17,	42,	14,	45,	38,	19,	51,	32,	67,	11,	66,	2,	9,	14,	16,	29,	37,	58,	33,	15,	21,	23,	50,	42,	25,	3,	14,	32	


100	
2	
0.7

79,	39,	78,	32,	11,	78,	20,	91,	75,	80,	86,	39,	1,	2,	50,	56,	87,	80,	76,	76,	17,	7,	67,	98,	93,	47,	43,	31,	19,	21,	95,	51,	22,	97,	46,	86,	77,	2,	92,	89,	79,	65,	72,	19,	80,	61,	20,	6,	45,	42,	74,	56,	23,	97,	11,	2,	20,	14,	65,	32,	75,	69,	6,	39,	28,	92,	10,	55,	59,	50,	88,	10,	68,	49,	58,	28,	27,	78,	75,	34,	95,	59,	28,	40,	15,	7,	43,	60,	90,	95,	91,	80,	22,	49,	73,	2,	11,	27,	72,	77
65,	61,	12,	21,	34,	10,	2,	20,	57,	32,	4,	70,	62,	47,	51,	50,	54,	54,	24,	38,	46,	16,	27,	64,	19,	10,	67,	45,	13,	60,	9,	61,	33,	69,	2,	54,	24,	24,	1,	16,	65,	53,	58,	62,	2,	4,	31,	13,	62,	2,	59,	52,	9,	16,	45,	39,	56,	31,	2,	54,	14,	24,	17,	61,	60,	13,	59,	14,	11,	29,	61,	37,	55,	43,	42,	13,	49,	52,	26,	14,	58,	17,	33,	67,	1,	52,	46,	61,	38,	28,	12,	17,	17,	66,	64,	69,	60,	39,	69,	18	

38,	25,	31,	99,	53,	78,	97,	77,	43,	95,	57,	73,	13,	63,	69,	14,	42,	100,	45,	22,	12,	61,	69,	18,	37,	64,	11,	84,	35,	10,	2,	13,	65,	68,	11,	9,	91,	34,	59,	22,	15,	91,	73,	1,	72,	15,	89,	20,	91,	66,	79,	27,	96,	32,	15,	100,	42,	7,	16,	25,	20,	11,	18,	66,	21,	13,	5,	73,	2,	5,	9,	46,	98,	15,	62,	99,	30,	93,	43,	7,	41,	15,	9,	49,	42,	26,	13,	3,	78,	74,	61,	24,	84,	37,	78,	42,	13,	18,	94,	82
36,	21,	65,	8,	34,	23,	36,	18,	48,	22,	10,	9,	47,	27,	15,	18,	30,	33,	69,	49,	41,	69,	30,	31,	32,	23,	47,	4,	28,	46,	46,	46,	43,	41,	1,	14,	20,	59,	52,	67,	37,	8,	4,	60,	52,	15,	27,	56,	9,	63,	45,	62,	42,	54,	35,	60,	10,	14,	19,	57,	49,	51,	61,	28,	61,	20,	39,	52,	14,	57,	26,	50,	54,	3,	20,	13,	1,	27,	40,	14,	29,	7,	67,	30,	35,	12,	3,	50,	20,	69,	64,	60,	28,	67,	13,	40,	66,	61,	58,	37	

53,	34,	22,	41,	89,	67,	35,	85,	14,	66,	58,	98,	56,	75,	53,	94,	46,	80,	65,	98,	8,	48,	67,	98,	74,	85,	19,	81,	76,	25,	92,	33,	48,	55,	36,	64,	69,	84,	96,	66,	99,	3,	36,	43,	93,	39,	36,	72,	86,	47,	30,	63,	25,	84,	82,	92,	3,	97,	32,	48,	57,	59,	12,	78,	8,	70,	38,	39,	82,	38,	75,	95,	27,	14,	33,	34,	3,	84,	74,	11,	41,	73,	65,	96,	37,	13,	13,	87,	50,	1,	16,	23,	77,	32,	24,	34,	74,	46,	69,	88
1,	24,	16,	60,	26,	44,	31,	17,	32,	24,	35,	59,	31,	9,	64,	65,	9,	67,	12,	3,	65,	22,	43,	70,	5,	53,	34,	14,	17,	58,	70,	27,	24,	32,	33,	3,	34,	5,	3,	21,	62,	57,	55,	31,	47,	34,	13,	65,	48,	1,	2,	60,	38,	52,	21,	70,	16,	38,	11,	24,	28,	44,	70,	18,	6,	69,	33,	54,	64,	64,	61,	27,	3,	30,	3,	11,	52,	24,	34,	53,	1,	70,	51,	68,	43,	1,	8,	51,	32,	23,	6,	18,	29,	62,	24,	66,	37,	10,	61,	15	

28,	52,	89,	34,	31,	43,	20,	65,	14,	67,	61,	18,	7,	64,	98,	50,	43,	83,	41,	63,	1,	28,	67,	48,	26,	84,	18,	35,	27,	33,	81,	1,	87,	58,	3,	50,	76,	23,	25,	26,	37,	39,	14,	81,	23,	15,	47,	77,	2,	16,	57,	59,	46,	78,	55,	23,	15,	96,	86,	19,	41,	62,	5,	24,	76,	62,	56,	16,	4,	23,	47,	49,	58,	41,	73,	50,	48,	52,	53,	58,	17,	11,	90,	78,	22,	3,	97,	33,	100,	49,	35,	88,	13,	86,	17,	96,	13,	58,	36,	99
3,	8,	46,	50,	12,	17,	61,	68,	32,	5,	34,	46,	14,	7,	11,	56,	34,	63,	58,	61,	15,	1,	14,	60,	15,	38,	23,	66,	8,	14,	24,	55,	15,	20,	20,	13,	29,	4,	11,	42,	11,	14,	33,	12,	23,	13,	48,	45,	56,	64,	16,	62,	43,	40,	13,	31,	31,	68,	7,	58,	46,	29,	20,	26,	9,	22,	50,	34,	45,	29,	26,	33,	57,	3,	51,	33,	13,	2,	7,	50,	1,	5,	38,	25,	40,	10,	54,	5,	15,	44,	21,	33,	9,	7,	3,	54,	69,	64,	25,	60	

5,	13,	87,	68,	6,	94,	42,	52,	46,	45,	30,	70,	70,	92,	70,	91,	32,	97,	57,	37,	24,	78,	60,	23,	88,	3,	50,	1,	91,	77,	57,	90,	74,	9,	1,	44,	26,	40,	2,	94,	33,	10,	19,	56,	5,	73,	3,	1,	99,	58,	54,	74,	25,	68,	27,	19,	8,	44,	41,	88,	83,	6,	26,	60,	68,	75,	69,	56,	13,	71,	84,	1,	20,	70,	46,	5,	20,	64,	20,	21,	44,	64,	46,	10,	42,	48,	73,	21,	43,	52,	50,	68,	69,	18,	59,	79,	36,	18,	61,	91
9,	59,	52,	68,	9,	5,	19,	59,	40,	56,	49,	70,	10,	64,	64,	56,	54,	8,	14,	44,	70,	45,	69,	67,	69,	29,	2,	51,	42,	62,	29,	60,	46,	70,	25,	34,	33,	65,	64,	11,	56,	64,	22,	22,	42,	52,	2,	36,	50,	59,	21,	52,	53,	26,	61,	51,	30,	57,	41,	55,	32,	25,	19,	34,	37,	13,	68,	64,	64,	39,	21,	54,	4,	30,	59,	68,	62,	65,	36,	19,	17,	25,	49,	18,	2,	38,	28,	2,	2,	29,	46,	21,	14,	59,	68,	62,	62,	51,	57,	24	

200	
2	
0.7

35,	68,	13,	77,	50,	3,	25,	44,	28,	66,	66,	79,	6,	16,	23,	85,	81,	15,	76,	23,	8,	41,	21,	46,	10,	79,	60,	61,	59,	75,	57,	94,	64,	86,	51,	15,	85,	41,	40,	5,	100,	75,	43,	76,	15,	86,	62,	11,	91,	15,	56,	50,	84,	97,	79,	23,	83,	41,	84,	77,	70,	20,	46,	59,	78,	81,	2,	72,	24,	12,	20,	36,	83,	30,	95,	67,	73,	99,	67,	9,	82,	28,	71,	72,	19,	99,	68,	44,	13,	71,	32,	76,	74,	77,	35,	88,	26,	51,	67,	93,	56,	75,	77,	29,	44,	100,	36,	82,	53,	54,	94,	55,	56,	66,	31,	59,	1,	14,	55,	17,	41,	24,	43,	38,	14,	86,	83,	78,	97,	12,	1,	66,	59,	29,	72,	63,	66,	41,	95,	7,	72,	19,	83,	96,	40,	59,	81,	45,	6,	52,	22,	41,	3,	99,	10,	57,	96,	39,	71,	9,	93,	6,	46,	12,	74,	32,	80,	34,	53,	31,	36,	99,	14,	13,	70,	50,	44,	88,	4,	44,	66,	24,	46,	31,	89,	16,	52,	59,	2,	53,	96,	37,	56,	79,	27,	87,	48,	40,	68,	47
53,	24,	12,	69,	65,	25,	44,	33,	24,	59,	56,	35,	51,	48,	49,	69,	53,	25,	31,	35,	36,	32,	5,	58,	43,	25,	19,	56,	28,	44,	40,	49,	30,	39,	38,	28,	16,	35,	18,	59,	23,	41,	25,	51,	1,	1,	32,	15,	6,	63,	9,	70,	32,	55,	11,	50,	67,	27,	58,	28,	55,	63,	30,	18,	13,	33,	42,	57,	8,	64,	26,	4,	18,	68,	49,	17,	6,	60,	28,	24,	29,	3,	30,	16,	43,	9,	64,	32,	54,	40,	7,	6,	6,	13,	25,	27,	46,	66,	42,	65,	31,	36,	39,	59,	50,	65,	25,	22,	18,	17,	11,	49,	38,	2,	8,	47,	35,	17,	32,	48,	57,	67,	7,	7,	63,	20,	20,	1,	54,	20,	22,	41,	19,	13,	28,	3,	68,	60,	40,	28,	32,	34,	57,	50,	48,	42,	6,	9,	23,	27,	36,	17,	51,	37,	15,	63,	65,	38,	14,	32,	39,	14,	40,	33,	55,	66,	42,	65,	42,	54,	37,	43,	27,	36,	63,	55,	25,	29,	31,	67,	5,	47,	28,	10,	14,	55,	6,	35,	61,	13,	22,	39,	6,	51,	12,	64,	51,	16,	23,	18	

8,	68,	74,	85,	99,	32,	40,	7,	92,	29,	74,	1,	41,	38,	46,	31,	92,	18,	4,	96,	80,	51,	6,	83,	69,	29,	50,	17,	22,	87,	92,	71,	19,	52,	94,	28,	77,	43,	86,	83,	87,	100,	91,	77,	21,	30,	84,	47,	40,	75,	48,	57,	31,	10,	28,	26,	6,	2,	92,	59,	93,	28,	40,	77,	76,	15,	57,	52,	73,	7,	5,	66,	8,	58,	96,	14,	8,	63,	68,	29,	46,	18,	17,	40,	82,	93,	77,	99,	28,	34,	24,	63,	41,	29,	20,	2,	3,	66,	40,	59,	3,	10,	60,	15,	16,	62,	51,	21,	52,	2,	57,	87,	27,	77,	9,	91,	38,	41,	60,	88,	59,	14,	76,	52,	35,	50,	8,	2,	92,	52,	18,	62,	93,	56,	13,	80,	44,	80,	79,	51,	35,	9,	40,	76,	92,	35,	20,	16,	3,	69,	18,	38,	92,	85,	99,	88,	86,	75,	57,	61,	81,	57,	43,	17,	99,	12,	32,	81,	17,	45,	51,	99,	27,	14,	28,	84,	20,	60,	68,	11,	12,	33,	74,	18,	30,	56,	46,	17,	80,	7,	59,	18,	34,	92,	5,	66,	76,	11,	63,	91
6,	45,	15,	69,	64,	37,	17,	52,	1,	48,	28,	33,	54,	66,	57,	63,	68,	57,	24,	34,	39,	29,	19,	69,	61,	64,	9,	50,	4,	67,	39,	5,	38,	14,	59,	33,	48,	24,	25,	26,	23,	56,	46,	22,	33,	63,	30,	62,	70,	13,	52,	27,	1,	48,	14,	64,	35,	66,	38,	24,	70,	26,	25,	51,	33,	24,	3,	67,	41,	52,	2,	20,	49,	69,	56,	28,	62,	27,	11,	63,	23,	12,	19,	51,	6,	68,	20,	54,	56,	13,	40,	51,	47,	70,	49,	55,	32,	49,	15,	63,	61,	39,	19,	7,	40,	69,	26,	51,	9,	1,	54,	69,	4,	18,	18,	51,	70,	30,	7,	46,	21,	9,	35,	60,	63,	42,	69,	14,	41,	32,	42,	7,	55,	13,	14,	61,	43,	22,	1,	16,	12,	63,	50,	12,	37,	19,	9,	15,	3,	65,	38,	4,	67,	41,	35,	13,	66,	68,	23,	19,	5,	21,	4,	17,	15,	46,	9,	3,	15,	25,	52,	37,	66,	34,	66,	18,	42,	13,	26,	6,	64,	33,	54,	30,	32,	1,	45,	2,	12,	69,	52,	18,	8,	11,	13,	27,	20,	20,	48,	13	

60,	55,	82,	57,	19,	61,	8,	18,	26,	35,	10,	20,	20,	2,	46,	20,	27,	96,	68,	81,	89,	67,	62,	80,	38,	52,	26,	78,	79,	67,	7,	33,	11,	45,	31,	16,	70,	68,	70,	18,	65,	57,	91,	92,	65,	45,	95,	8,	56,	34,	80,	9,	84,	32,	27,	64,	69,	85,	58,	32,	85,	97,	56,	87,	59,	100,	22,	92,	88,	61,	72,	9,	100,	3,	21,	31,	61,	88,	35,	78,	94,	36,	89,	23,	1,	94,	11,	16,	47,	19,	3,	75,	80,	82,	36,	60,	39,	48,	25,	56,	5,	53,	3,	77,	89,	19,	48,	57,	7,	41,	48,	26,	98,	65,	95,	3,	21,	66,	74,	75,	41,	4,	37,	67,	49,	40,	11,	81,	90,	34,	69,	87,	42,	63,	98,	80,	81,	78,	46,	64,	3,	89,	73,	72,	70,	50,	44,	27,	39,	3,	78,	27,	16,	28,	52,	6,	98,	18,	19,	84,	98,	26,	20,	78,	46,	46,	14,	33,	32,	94,	55,	88,	97,	22,	45,	54,	89,	35,	84,	17,	95,	3,	90,	93,	99,	55,	88,	57,	98,	2,	86,	88,	35,	85,	89,	98,	67,	95,	39,	81
40,	17,	43,	42,	6,	51,	39,	32,	32,	35,	22,	50,	37,	68,	8,	17,	4,	38,	22,	57,	32,	27,	66,	57,	35,	69,	51,	8,	49,	14,	46,	45,	18,	48,	57,	32,	25,	41,	69,	59,	61,	43,	35,	11,	8,	23,	9,	55,	34,	18,	20,	50,	48,	5,	59,	33,	62,	31,	66,	63,	8,	21,	36,	53,	61,	31,	61,	7,	53,	26,	16,	32,	5,	57,	34,	27,	30,	56,	64,	6,	49,	5,	69,	7,	34,	34,	32,	10,	70,	49,	11,	15,	52,	35,	49,	41,	17,	8,	10,	7,	69,	46,	60,	21,	17,	21,	15,	67,	58,	54,	12,	16,	23,	54,	60,	29,	55,	43,	25,	44,	3,	68,	40,	25,	37,	16,	56,	30,	8,	6,	16,	9,	62,	67,	67,	69,	45,	28,	14,	64,	26,	53,	51,	42,	37,	9,	36,	5,	22,	9,	52,	29,	26,	63,	3,	44,	6,	50,	61,	68,	23,	21,	35,	38,	62,	3,	64,	11,	52,	13,	1,	12,	35,	5,	37,	64,	20,	58,	64,	39,	25,	40,	38,	61,	66,	3,	24,	26,	30,	25,	56,	66,	44,	70,	31,	46,	32,	39,	7,	18	

85,	16,	40,	67,	40,	79,	47,	44,	28,	51,	25,	19,	90,	50,	80,	93,	1,	64,	87,	44,	79,	75,	49,	9,	57,	55,	4,	83,	15,	60,	100,	62,	11,	92,	10,	26,	56,	64,	18,	36,	82,	58,	15,	30,	75,	75,	44,	26,	64,	54,	4,	13,	31,	19,	52,	25,	96,	70,	73,	91,	44,	77,	4,	97,	22,	91,	33,	36,	31,	14,	60,	18,	23,	65,	91,	46,	23,	25,	75,	44,	24,	73,	89,	71,	65,	52,	74,	80,	61,	95,	3,	36,	13,	3,	34,	86,	80,	64,	17,	39,	70,	58,	64,	42,	32,	26,	27,	11,	25,	29,	10,	66,	24,	10,	63,	26,	94,	78,	71,	84,	55,	88,	22,	72,	14,	56,	67,	64,	2,	86,	77,	100,	45,	79,	97,	69,	23,	36,	57,	41,	12,	44,	21,	71,	84,	38,	19,	82,	67,	30,	25,	17,	57,	42,	64,	86,	34,	4,	89,	76,	34,	36,	2,	20,	32,	82,	51,	55,	3,	24,	34,	92,	90,	21,	72,	6,	61,	62,	61,	82,	33,	99,	13,	94,	53,	84,	77,	5,	21,	96,	25,	54,	93,	51,	99,	96,	46,	18,	51,	77
36,	18,	38,	22,	25,	68,	8,	23,	19,	65,	54,	3,	1,	35,	44,	66,	58,	51,	42,	68,	32,	55,	48,	38,	69,	31,	33,	45,	64,	36,	44,	70,	57,	9,	5,	48,	70,	17,	4,	56,	40,	66,	2,	59,	61,	56,	68,	6,	59,	23,	31,	41,	68,	20,	65,	3,	32,	60,	62,	39,	27,	40,	34,	7,	1,	15,	53,	3,	54,	64,	50,	36,	18,	67,	27,	26,	2,	6,	52,	56,	65,	36,	10,	39,	14,	65,	52,	28,	66,	31,	60,	5,	63,	49,	46,	37,	58,	29,	64,	2,	53,	25,	37,	44,	6,	54,	13,	9,	23,	48,	45,	62,	40,	53,	40,	64,	3,	9,	70,	12,	9,	12,	20,	26,	43,	63,	41,	2,	15,	67,	61,	30,	8,	55,	32,	23,	28,	16,	20,	42,	68,	20,	30,	2,	29,	52,	58,	36,	62,	13,	40,	17,	23,	55,	15,	45,	60,	4,	26,	4,	3,	15,	9,	8,	11,	46,	9,	59,	48,	26,	69,	28,	17,	30,	36,	38,	31,	64,	43,	62,	33,	45,	65,	37,	7,	58,	15,	17,	58,	15,	21,	27,	57,	55,	22,	23,	37,	61,	43,	15	

36,	95,	89,	85,	48,	67,	52,	92,	94,	82,	94,	93,	62,	35,	26,	5,	14,	47,	13,	18,	4,	34,	23,	69,	45,	47,	91,	66,	3,	36,	26,	93,	42,	45,	22,	18,	1,	83,	33,	90,	53,	66,	27,	98,	84,	60,	28,	99,	43,	26,	9,	40,	51,	84,	25,	11,	13,	23,	59,	71,	8,	2,	83,	55,	100,	41,	27,	69,	54,	11,	30,	10,	97,	33,	55,	49,	85,	48,	6,	96,	33,	65,	67,	88,	89,	53,	71,	64,	45,	74,	2,	64,	27,	5,	12,	89,	87,	56,	90,	25,	45,	100,	91,	34,	62,	38,	32,	49,	12,	43,	57,	72,	40,	97,	73,	10,	2,	33,	75,	32,	77,	99,	22,	18,	4,	61,	47,	4,	62,	66,	76,	55,	40,	74,	57,	50,	77,	92,	98,	36,	73,	66,	31,	56,	24,	29,	52,	28,	22,	4,	57,	62,	56,	84,	15,	59,	66,	58,	48,	91,	90,	69,	54,	83,	49,	5,	43,	43,	72,	55,	48,	24,	40,	60,	98,	9,	20,	79,	26,	53,	98,	35,	75,	42,	58,	35,	61,	69,	91,	39,	81,	78,	76,	78,	20,	31,	38,	9,	46,	62
23,	34,	53,	4,	41,	22,	46,	53,	6,	20,	11,	7,	64,	23,	2,	24,	21,	35,	41,	33,	66,	57,	38,	8,	70,	18,	29,	14,	13,	40,	2,	49,	49,	36,	4,	67,	64,	63,	21,	27,	38,	55,	22,	31,	45,	59,	63,	9,	16,	14,	66,	30,	62,	43,	46,	69,	66,	9,	62,	4,	51,	35,	53,	25,	40,	28,	2,	47,	45,	30,	41,	44,	34,	65,	33,	2,	2,	9,	32,	5,	26,	60,	55,	32,	9,	60,	42,	27,	28,	41,	44,	27,	31,	65,	10,	17,	55,	4,	65,	10,	50,	6,	33,	38,	7,	3,	62,	49,	6,	26,	53,	4,	59,	31,	53,	68,	51,	65,	58,	26,	51,	68,	69,	6,	42,	31,	14,	16,	52,	66,	27,	20,	19,	44,	57,	13,	40,	9,	10,	54,	56,	29,	1,	24,	43,	39,	24,	31,	1,	48,	15,	36,	24,	46,	69,	37,	66,	18,	5,	1,	59,	1,	39,	66,	46,	38,	57,	68,	58,	66,	25,	63,	63,	27,	62,	69,	8,	16,	41,	26,	7,	42,	19,	38,	36,	15,	19,	10,	40,	20,	17,	23,	28,	23,	60,	38,	65,	25,	60,	43	


300	
2	
0.7


96,	87,	61,	3,	92,	44,	57,	52,	41,	48,	49,	9,	69,	87,	33,	20,	29,	9,	44,	34,	80,	90,	81,	75,	6,	76,	20,	91,	51,	27,	35,	15,	51,	55,	86,	81,	68,	1,	67,	73,	1,	78,	83,	12,	97,	20,	84,	97,	9,	84,	90,	10,	37,	9,	89,	27,	80,	13,	24,	99,	61,	2,	56,	34,	52,	61,	32,	1,	32,	23,	93,	61,	4,	90,	48,	50,	10,	56,	52,	33,	9,	95,	16,	59,	60,	19,	81,	80,	55,	15,	9,	13,	67,	87,	60,	73,	17,	59,	19,	82,	50,	34,	82,	19,	34,	41,	49,	12,	25,	38,	73,	56,	81,	24,	36,	81,	57,	71,	31,	30,	26,	58,	28,	93,	71,	40,	44,	84,	14,	27,	16,	89,	24,	15,	100,	19,	18,	51,	97,	49,	77,	13,	87,	95,	7,	52,	79,	46,	4,	9,	8,	80,	54,	70,	76,	72,	9,	71,	84,	99,	90,	16,	95,	75,	25,	52,	61,	56,	12,	68,	98,	91,	75,	6,	31,	52,	6,	92,	80,	49,	100,	87,	31,	78,	23,	34,	35,	30,	37,	20,	91,	43,	90,	48,	4,	76,	48,	67,	7,	25,	40,	1,	33,	83,	69,	40,	77,	6,	20,	38,	53,	77,	26,	82,	38,	13,	67,	3,	46,	73,	91,	24,	46,	36,	86,	39,	37,	90,	62,	45,	81,	80,	73,	98,	18,	36,	34,	78,	41,	47,	37,	68,	51,	34,	31,	15,	39,	58,	75,	82,	77,	4,	28,	40,	46,	98,	22,	7,	25,	40,	22,	66,	99,	72,	29,	20,	21,	66,	56,	20,	94,	34,	85,	43,	32,	16,	39,	13,	55,	13,	40,	92,	55,	65,	66,	62,	5,	30,	35,	2,	5,	70,	49,	31,	70,	41,	26,	26,	45,	93

31,	50,	37,	14,	68,	36,	40,	30,	32,	53,	26,	45,	56,	8,	36,	28,	66,	41,	11,	5,	29,	26,	13,	53,	45,	55,	44,	20,	67,	25,	16,	65,	13,	66,	30,	55,	52,	10,	7,	62,	28,	50,	28,	66,	38,	23,	26,	6,	51,	4,	14,	9,	10,	13,	23,	21,	4,	4,	24,	10,	31,	56,	60,	36,	17,	3,	51,	48,	41,	30,	19,	54,	5,	19,	10,	30,	1,	38,	31,	53,	66,	30,	8,	47,	21,	65,	11,	27,	59,	54,	15,	50,	40,	41,	32,	70,	20,	14,	60,	40,	32,	3,	24,	68,	15,	22,	6,	68,	30,	57,	2,	41,	27,	1,	56,	37,	16,	1,	9,	5,	3,	64,	51,	64,	52,	13,	48,	16,	49,	31,	57,	63,	60,	65,	14,	45,	36,	35,	65,	39,	20,	30,	58,	12,	3,	12,	63,	3,	32,	3,	7,	15,	52,	12,	20,	22,	55,	48,	38,	32,	31,	41,	13,	28,	63,	32,	31,	64,	37,	58,	9,	49,	14,	59,	14,	32,	17,	20,	68,	16,	31,	12,	34,	15,	35,	22,	34,	60,	25,	39,	21,	36,	26,	21,	68,	25,	12,	31,	54,	69,	70,	14,	32,	22,	4,	49,	2,	28,	35,	63,	13,	60,	65,	22,	18,	7,	65,	50,	47,	36,	14,	29,	52,	67,	33,	48,	17,	22,	23,	1,	17,	57,	52,	61,	60,	20,	40,	31,	33,	48,	15,	63,	29,	54,	11,	21,	4,	62,	55,	24,	7,	60,	21,	20,	58,	2,	47,	44,	32,	55,	36,	11,	25,	35,	65,	7,	43,	1,	27,	1,	29,	27,	20,	21,	52,	23,	11,	67,	46,	55,	42,	53,	69,	32,	26,	51,	45,	1,	32,	46,	39,	53,	55,	25,	45,	12,	24,	42,	70,	2,	


7,	12,	37,	34,	59,	68,	24,	4,	80,	46,	66,	76,	39,	100,	89,	74,	4,	37,	40,	17,	25,	68,	33,	23,	4,	42,	51,	56,	11,	49,	70,	98,	7,	12,	8,	96,	15,	31,	85,	12,	73,	61,	22,	16,	23,	83,	38,	17,	18,	93,	12,	60,	3,	26,	94,	27,	93,	45,	7,	99,	76,	25,	17,	8,	26,	62,	40,	15,	14,	82,	32,	77,	51,	91,	33,	41,	25,	72,	11,	26,	83,	76,	11,	68,	34,	83,	61,	42,	32,	23,	24,	24,	28,	41,	78,	77,	5,	34,	95,	91,	54,	97,	83,	28,	21,	31,	12,	96,	53,	33,	53,	42,	14,	76,	80,	91,	90,	98,	25,	90,	26,	41,	78,	80,	23,	12,	74,	84,	32,	98,	28,	95,	75,	45,	68,	97,	58,	34,	77,	64,	25,	26,	81,	36,	72,	75,	73,	20,	13,	98,	50,	29,	35,	41,	74,	61,	83,	100,	48,	27,	72,	70,	21,	43,	5,	69,	38,	60,	58,	86,	60,	33,	84,	9,	72,	2,	87,	39,	12,	44,	24,	22,	60,	36,	37,	51,	19,	90,	68,	85,	84,	33,	8,	80,	3,	88,	86,	87,	42,	65,	95,	26,	51,	67,	64,	60,	88,	68,	15,	14,	22,	43,	62,	56,	56,	33,	88,	67,	25,	7,	87,	87,	61,	20,	54,	92,	38,	86,	15,	6,	66,	24,	100,	42,	26,	69,	17,	37,	13,	4,	45,	45,	80,	85,	75,	68,	84,	96,	32,	11,	88,	20,	38,	85,	16,	68,	34,	46,	45,	59,	24,	63,	69,	42,	47,	9,	35,	90,	36,	21,	13,	15,	55,	59,	90,	23,	47,	72,	95,	68,	17,	28,	4,	22,	95,	94,	86,	53,	68,	91,	83,	74,	50,	97,	58,	37,	91,	24,	85,	86

7,	59,	66,	8,	21,	68,	18,	44,	64,	68,	61,	54,	42,	69,	5,	67,	65,	20,	62,	69,	44,	28,	11,	53,	41,	21,	58,	21,	66,	51,	62,	23,	56,	58,	10,	2,	63,	68,	53,	30,	65,	65,	8,	23,	34,	15,	62,	24,	21,	37,	9,	37,	20,	28,	49,	49,	49,	37,	70,	1,	3,	13,	64,	66,	70,	9,	23,	45,	32,	67,	70,	65,	42,	59,	31,	28,	16,	51,	41,	58,	19,	2,	53,	24,	1,	36,	19,	3,	14,	55,	3,	18,	18,	50,	56,	40,	33,	57,	53,	40,	43,	54,	58,	17,	70,	56,	36,	32,	26,	41,	60,	39,	17,	60,	48,	53,	58,	34,	45,	46,	62,	57,	46,	10,	53,	36,	14,	17,	41,	41,	58,	49,	24,	20,	4,	65,	49,	35,	23,	49,	36,	58,	30,	32,	45,	30,	49,	7,	44,	12,	56,	67,	12,	1,	16,	51,	17,	65,	8,	69,	41,	14,	60,	45,	12,	34,	17,	44,	2,	3,	46,	34,	45,	61,	55,	33,	41,	9,	21,	17,	64,	41,	34,	37,	11,	6,	34,	2,	68,	1,	6,	30,	21,	30,	33,	27,	49,	47,	35,	59,	6,	55,	45,	70,	3,	47,	32,	65,	68,	47,	23,	10,	12,	25,	23,	32,	31,	8,	15,	1,	18,	36,	7,	55,	66,	57,	34,	31,	64,	32,	10,	43,	10,	57,	10,	52,	57,	17,	58,	8,	45,	25,	2,	7,	52,	22,	31,	43,	67,	17,	51,	56,	38,	30,	28,	32,	44,	33,	41,	52,	7,	37,	9,	31,	62,	35,	69,	22,	46,	3,	30,	16,	20,	60,	29,	36,	55,	26,	23,	22,	56,	11,	29,	20,	24,	7,	68,	10,	13,	19,	63,	30,	56,	6,	64,	34,	36,	45,	17,	69	


34,	57,	43,	94,	74,	98,	93,	73,	78,	14,	77,	9,	8,	31,	98,	59,	6,	84,	51,	67,	58,	26,	34,	58,	78,	2,	64,	66,	86,	39,	59,	66,	68,	15,	78,	45,	45,	89,	21,	92,	69,	3,	7,	6,	20,	26,	96,	46,	92,	33,	93,	56,	100,	18,	42,	21,	6,	93,	94,	55,	45,	44,	75,	4,	53,	87,	65,	34,	38,	87,	13,	41,	33,	30,	35,	92,	68,	72,	27,	60,	14,	77,	92,	46,	13,	12,	43,	47,	38,	54,	63,	55,	31,	73,	52,	40,	82,	100,	30,	53,	33,	71,	69,	3,	44,	81,	52,	88,	61,	94,	96,	34,	53,	1,	81,	76,	69,	41,	62,	94,	50,	14,	10,	38,	65,	86,	16,	88,	55,	50,	93,	49,	70,	98,	83,	91,	65,	88,	58,	48,	55,	34,	56,	39,	61,	97,	65,	13,	37,	69,	53,	6,	15,	95,	17,	46,	78,	94,	3,	95,	23,	19,	40,	73,	45,	99,	99,	18,	97,	37,	9,	40,	16,	71,	68,	85,	11,	29,	39,	78,	41,	84,	31,	5,	68,	96,	79,	13,	20,	64,	3,	81,	56,	63,	62,	80,	19,	46,	67,	28,	46,	61,	10,	18,	8,	19,	33,	24,	61,	37,	82,	28,	31,	49,	78,	35,	3,	47,	21,	92,	49,	90,	62,	25,	3,	47,	77,	35,	51,	61,	64,	52,	90,	30,	66,	90,	83,	50,	96,	17,	35,	33,	90,	74,	2,	20,	29,	83,	25,	32,	84,	7,	3,	10,	82,	99,	42,	30,	2,	74,	37,	20,	68,	87,	65,	33,	42,	66,	99,	46,	6,	95,	27,	33,	27,	82,	51,	32,	6,	14,	87,	22,	89,	76,	66,	18,	64,	21,	88,	69,	11,	81,	3,	83,	34,	82,	99,	52,	94,	26

65,	12,	4,	48,	31,	51,	10,	14,	6,	29,	61,	3,	14,	27,	1,	1,	28,	38,	48,	16,	64,	2,	61,	43,	23,	64,	10,	23,	29,	43,	59,	36,	9,	70,	41,	6,	11,	50,	46,	20,	35,	24,	20,	22,	36,	31,	3,	64,	11,	9,	8,	39,	45,	42,	40,	30,	15,	2,	40,	24,	53,	41,	61,	66,	38,	6,	54,	16,	62,	60,	59,	58,	26,	37,	36,	70,	67,	3,	27,	12,	26,	51,	60,	61,	65,	47,	23,	56,	48,	54,	35,	31,	46,	29,	54,	8,	68,	43,	7,	62,	25,	66,	27,	36,	38,	16,	26,	44,	32,	15,	54,	37,	33,	62,	53,	64,	46,	7,	63,	17,	15,	43,	32,	52,	41,	20,	41,	29,	18,	66,	15,	31,	1,	3,	21,	34,	5,	16,	45,	64,	5,	51,	23,	60,	28,	53,	67,	44,	62,	1,	19,	59,	63,	12,	14,	64,	31,	5,	64,	35,	3,	17,	54,	66,	61,	69,	54,	44,	4,	25,	14,	46,	15,	51,	57,	53,	56,	70,	1,	25,	16,	12,	23,	69,	63,	66,	65,	4,	45,	29,	11,	44,	22,	46,	62,	25,	35,	30,	32,	24,	63,	54,	14,	9,	53,	31,	60,	70,	58,	44,	57,	10,	45,	20,	9,	54,	16,	12,	36,	28,	11,	23,	15,	22,	21,	64,	5,	40,	54,	9,	55,	16,	40,	52,	1,	36,	21,	34,	34,	50,	4,	3,	69,	22,	54,	55,	33,	50,	52,	20,	53,	17,	66,	38,	59,	26,	13,	23,	24,	63,	16,	45,	14,	62,	10,	70,	31,	6,	8,	10,	14,	69,	4,	38,	6,	46,	43,	11,	68,	62,	49,	10,	19,	47,	1,	33,	32,	52,	63,	16,	61,	43,	35,	31,	9,	63,	25,	7,	29,	11	


90,	90,	52,	79,	43,	58,	73,	32,	2,	33,	30,	72,	25,	72,	94,	10,	56,	31,	79,	58,	68,	87,	52,	17,	66,	28,	36,	83,	6,	26,	76,	85,	37,	43,	23,	39,	67,	82,	95,	23,	98,	11,	100,	92,	47,	7,	55,	58,	5,	9,	55,	69,	24,	91,	100,	81,	66,	30,	37,	74,	90,	9,	75,	39,	21,	58,	94,	48,	79,	38,	54,	27,	61,	88,	28,	84,	44,	65,	14,	49,	1,	61,	35,	62,	98,	95,	21,	74,	28,	82,	77,	28,	60,	42,	46,	59,	99,	92,	79,	50,	56,	32,	64,	60,	22,	1,	57,	70,	71,	41,	53,	14,	70,	36,	61,	76,	28,	95,	16,	37,	47,	34,	65,	24,	67,	55,	15,	70,	76,	83,	42,	56,	17,	64,	5,	68,	90,	58,	9,	93,	97,	93,	67,	98,	72,	31,	90,	86,	88,	90,	54,	47,	63,	100,	37,	45,	44,	47,	55,	56,	75,	43,	76,	75,	81,	59,	25,	80,	12,	9,	28,	32,	94,	32,	21,	26,	77,	64,	99,	67,	5,	17,	33,	16,	80,	92,	29,	29,	53,	22,	3,	72,	18,	83,	76,	47,	25,	10,	12,	53,	53,	1,	18,	59,	44,	95,	30,	78,	5,	15,	9,	12,	24,	94,	2,	81,	41,	39,	13,	80,	81,	7,	43,	9,	43,	79,	84,	40,	63,	98,	30,	69,	11,	79,	9,	83,	83,	51,	24,	72,	34,	21,	92,	80,	44,	69,	6,	94,	100,	43,	82,	1,	18,	42,	62,	11,	67,	64,	43,	63,	71,	11,	23,	96,	29,	34,	67,	26,	37,	28,	84,	45,	22,	59,	3,	54,	55,	2,	21,	51,	39,	62,	70,	92,	58,	56,	9,	42,	60,	98,	76,	40,	67,	59,	41,	39,	97,	87,	92,	24

4,	5,	69,	47,	30,	55,	56,	5,	49,	63,	16,	24,	47,	57,	3,	15,	51,	70,	19,	53,	45,	11,	8,	53,	9,	58,	69,	20,	4,	21,	27,	24,	65,	67,	22,	60,	15,	50,	38,	32,	20,	23,	54,	17,	47,	5,	1,	21,	62,	7,	7,	21,	20,	10,	45,	57,	2,	47,	51,	65,	42,	66,	38,	49,	57,	66,	18,	39,	40,	48,	18,	31,	68,	39,	13,	29,	44,	38,	53,	64,	38,	44,	29,	45,	1,	24,	11,	3,	3,	67,	17,	23,	62,	13,	30,	36,	19,	63,	45,	57,	14,	6,	17,	43,	61,	58,	18,	9,	12,	18,	39,	62,	17,	58,	45,	48,	7,	23,	15,	67,	58,	36,	64,	38,	6,	69,	38,	56,	68,	57,	29,	42,	41,	12,	13,	13,	4,	16,	21,	25,	38,	13,	25,	25,	40,	5,	68,	69,	52,	34,	30,	5,	24,	41,	15,	13,	29,	22,	34,	16,	68,	37,	20,	33,	44,	6,	67,	47,	42,	18,	23,	61,	8,	58,	70,	68,	48,	62,	10,	10,	45,	10,	49,	14,	27,	29,	3,	54,	42,	63,	69,	50,	47,	66,	19,	51,	44,	57,	57,	53,	44,	4,	41,	10,	40,	7,	28,	37,	50,	60,	61,	15,	53,	67,	26,	6,	13,	68,	20,	19,	34,	51,	34,	7,	3,	23,	60,	39,	63,	24,	38,	40,	50,	45,	68,	69,	29,	46,	20,	17,	60,	39,	30,	34,	67,	63,	39,	38,	23,	40,	17,	5,	41,	3,	55,	36,	12,	48,	23,	29,	33,	7,	7,	43,	10,	60,	4,	26,	9,	58,	59,	62,	51,	64,	3,	46,	55,	47,	49,	31,	55,	15,	38,	56,	21,	51,	20,	32,	22,	15,	1,	70,	53,	69,	31,	31,	3,	27,	38,	39	


1,	58,	45,	49,	97,	59,	65,	20,	95,	98,	29,	39,	64,	55,	79,	62,	11,	82,	27,	29,	78,	78,	95,	41,	69,	67,	35,	76,	43,	95,	87,	4,	27,	4,	14,	28,	71,	36,	55,	5,	67,	23,	27,	50,	80,	93,	4,	15,	81,	35,	53,	89,	19,	91,	53,	99,	17,	71,	72,	63,	68,	69,	52,	53,	4,	30,	1,	83,	95,	48,	72,	69,	19,	83,	62,	93,	52,	5,	99,	87,	48,	61,	86,	70,	20,	30,	15,	30,	88,	27,	57,	35,	35,	63,	47,	86,	16,	93,	93,	85,	31,	54,	64,	82,	47,	57,	30,	62,	29,	48,	76,	21,	30,	49,	79,	85,	99,	6,	25,	70,	46,	25,	16,	42,	14,	22,	73,	36,	59,	76,	69,	98,	2,	85,	42,	48,	79,	18,	62,	41,	100,	67,	60,	27,	90,	59,	18,	29,	63,	49,	67,	96,	20,	43,	24,	7,	1,	100,	32,	34,	83,	31,	100,	72,	23,	18,	68,	38,	30,	72,	18,	80,	56,	83,	8,	7,	8,	43,	99,	72,	85,	14,	6,	44,	86,	40,	45,	74,	50,	38,	71,	99,	85,	40,	58,	9,	5,	99,	29,	97,	60,	17,	6,	8,	45,	64,	94,	97,	59,	17,	100,	58,	51,	65,	49,	92,	48,	17,	50,	60,	21,	14,	89,	96,	98,	62,	89,	100,	79,	69,	77,	40,	72,	78,	31,	20,	12,	69,	46,	50,	80,	92,	86,	58,	60,	96,	37,	12,	42,	82,	78,	75,	37,	44,	11,	77,	55,	57,	64,	57,	43,	10,	90,	92,	14,	6,	25,	83,	76,	94,	70,	76,	43,	69,	2,	80,	80,	27,	14,	51,	42,	70,	88,	30,	82,	53,	98,	80,	15,	97,	76,	12,	16,	75,	8,	57,	84,	19,	82,	38

35,	21,	67,	13,	19,	25,	46,	58,	30,	57,	15,	68,	29,	66,	47,	50,	59,	5,	40,	4,	37,	22,	68,	49,	49,	7,	65,	48,	10,	23,	16,	67,	25,	13,	54,	63,	56,	57,	47,	45,	11,	41,	9,	39,	27,	16,	17,	70,	50,	47,	52,	65,	65,	55,	15,	19,	22,	53,	42,	1,	36,	52,	65,	22,	29,	18,	49,	1,	5,	49,	26,	68,	21,	42,	25,	2,	13,	53,	57,	4,	26,	38,	45,	12,	47,	11,	68,	15,	12,	22,	41,	50,	29,	13,	61,	54,	36,	44,	13,	2,	57,	15,	43,	14,	40,	33,	11,	4,	56,	7,	43,	4,	35,	42,	43,	60,	20,	25,	57,	1,	26,	47,	68,	16,	19,	41,	24,	23,	44,	47,	3,	69,	64,	38,	14,	30,	12,	16,	10,	5,	65,	55,	55,	30,	24,	10,	8,	2,	43,	5,	7,	37,	63,	51,	25,	66,	66,	3,	68,	31,	62,	1,	61,	12,	40,	31,	15,	30,	62,	33,	19,	59,	19,	17,	46,	61,	29,	49,	4,	64,	42,	55,	33,	5,	47,	64,	19,	32,	66,	19,	37,	20,	23,	26,	12,	23,	54,	50,	44,	64,	46,	27,	50,	55,	48,	28,	24,	20,	57,	26,	5,	4,	66,	29,	61,	1,	21,	54,	14,	57,	53,	16,	2,	7,	22,	67,	22,	39,	7,	10,	30,	45,	36,	62,	7,	52,	15,	32,	56,	4,	23,	58,	24,	15,	46,	26,	57,	9,	51,	24,	13,	1,	14,	42,	23,	30,	69,	43,	66,	63,	34,	12,	54,	41,	43,	33,	11,	23,	6,	46,	63,	27,	34,	36,	67,	36,	69,	49,	8,	28,	36,	58,	35,	35,	16,	22,	40,	10,	70,	56,	26,	37,	10,	30,	57,	21,	58,	22,	30,	4	


8	
2	
0.8


80,	87,	38,	41,	4,	55,	18,	45
55,	31,	4,	80,	31,	29,	5,	47	

81,	42,	84,	80,	16,	31,	17,	83
11,	69,	80,	14,	33,	42,	66,	61	

88,	43,	29,	87,	7,	28,	52,	24
24,	12,	7,	55,	63,	68,	46,	71	

20,	63,	71,	30,	56,	88,	18,	58
75,	34,	77,	14,	76,	63,	3,	47	

34,	73,	6,	6,	19,	94,	70,	75
29,	52,	25,	59,	32,	1,	17,	63	



20	
2	
0.8


85,	29,	12,	55,	16,	100,	43,	68,	11,	96,	26,	26,	56,	60,	4,	83,	15,	18,	49,	91
57,	31,	7,	53,	58,	35,	11,	19,	21,	6,	56,	63,	75,	27,	66,	28,	3,	66,	24,	17,	


34,	55,	57,	73,	62,	44,	74,	34,	79,	85,	23,	18,	28,	72,	10,	71,	80,	40,	81,	40
1,	66,	25,	21,	31,	27,	52,	44,	15,	78,	37,	38,	54,	9,	60,	63,	65,	48,	52,	62,	


51,	6,	38,	22,	77,	100,	12,	54,	96,	22,	43,	40,	12,	97,	18,	9,	46,	78,	53,	96
57,	31,	27,	1,	18,	35,	17,	5,	46,	6,	56,	62,	65,	77,	57,	48,	74,	43,	51,	29,	


10,	55,	18,	73,	92,	8,	24,	13,	84,	35,	63,	12,	2,	38,	15,	81,	51,	95,	40,	42
32,	59,	33,	22,	18,	6,	28,	8,	41,	74,	39,	58,	31,	74,	27,	37,	8,	20,	7,	43,	


85,	29,	70,	2,	29,	91,	70,	62,	93,	44,	40,	8,	44,	60,	63,	72,	49,	24,	96,	82
42,	54,	44,	25,	45,	56,	34,	72,	62,	14,	23,	42,	76,	63,	75,	19,	20,	78,	45,	64,	


50	
2	
0.8

81,	77,	20,	1,	98,	5,	87,	57,	19,	14,	14,	16,	45,	10,	92,	46,	75,	6,	47,	84,	52,	61,	81,	6,	74,	69,	3,	27,	69,	43,	60,	36,	62,	84,	51,	3,	6,	93,	32,	38,	20,	93,	93,	68,	59,	26,	50,	56,	6,	22
64,	11,	13,	78,	75,	6,	22,	16,	66,	18,	20,	20,	54,	25,	52,	24,	2,	47,	6,	64,	20,	59,	17,	20,	71,	28,	44,	67,	29,	13,	28,	66,	54,	60,	27,	43,	64,	39,	30,	66,	78,	62,	11,	42,	43,	38,	73,	3,	39,	57	

86,	70,	10,	73,	83,	38,	11,	55,	18,	48,	27,	60,	12,	97,	95,	4,	69,	75,	94,	99,	30,	28,	28,	37,	21,	100,	47,	26,	41,	64,	46,	67,	92,	96,	88,	13,	81,	62,	25,	57,	86,	96,	67,	43,	98,	94,	76,	8,	4,	4
69,	24,	69,	9,	43,	20,	13,	25,	47,	23,	59,	67,	10,	6,	61,	20,	34,	10,	8,	16,	76,	33,	34,	6,	77,	59,	51,	39,	54,	55,	67,	66,	21,	25,	14,	30,	12,	80,	70,	45,	17,	73,	53,	79,	58,	43,	32,	48,	55,	64	

40,	47,	56,	3,	23,	40,	17,	1,	79,	65,	80,	75,	54,	74,	70,	4,	73,	100,	13,	87,	22,	52,	96,	99,	58,	99,	43,	87,	30,	14,	98,	12,	23,	98,	17,	21,	14,	28,	79,	35,	92,	24,	58,	83,	21,	89,	16,	88,	63,	24
34,	59,	11,	40,	37,	6,	59,	61,	54,	53,	77,	19,	45,	78,	67,	22,	62,	48,	14,	7,	78,	59,	4,	35,	75,	77,	5,	37,	60,	31,	29,	50,	3,	35,	56,	18,	4,	61,	18,	16,	53,	35,	42,	59,	56,	19,	61,	78,	37,	31	

67,	37,	53,	32,	84,	87,	44,	11,	44,	58,	67,	18,	49,	77,	99,	40,	26,	23,	5,	22,	96,	95,	81,	79,	59,	12,	61,	7,	20,	21,	35,	34,	39,	90,	61,	31,	23,	100,	82,	79,	17,	18,	70,	85,	62,	6,	16,	9,	47,	97
18,	54,	26,	40,	23,	16,	22,	8,	35,	28,	14,	10,	40,	61,	69,	77,	48,	70,	74,	68,	20,	32,	25,	5,	48,	38,	49,	69,	75,	58,	20,	21,	56,	44,	71,	17,	66,	3,	70,	21,	70,	17,	56,	29,	5,	17,	12,	74,	78,	20	

9,	89,	58,	75,	49,	20,	97,	18,	55,	62,	50,	76,	7,	91,	68,	31,	13,	37,	52,	68,	30,	67,	60,	77,	36,	92,	80,	51,	85,	93,	67,	80,	95,	52,	80,	50,	9,	39,	4,	86,	53,	77,	47,	73,	71,	36,	41,	67,	35,	84
51,	50,	1,	15,	67,	16,	22,	20,	80,	46,	22,	34,	67,	4,	23,	68,	60,	2,	72,	12,	19,	18,	45,	46,	18,	18,	39,	38,	53,	33,	44,	19,	9,	18,	51,	41,	8,	60,	15,	80,	69,	24,	19,	52,	6,	17,	7,	7,	70,	46	


100	
2	
0.8

78,	5,	13,	47,	99,	89,	41,	19,	75,	82,	75,	47,	60,	82,	86,	10,	6,	97,	74,	42,	63,	96,	67,	31,	56,	51,	82,	82,	54,	60,	72,	53,	39,	47,	44,	87,	22,	13,	100,	33,	60,	36,	84,	81,	31,	80,	65,	31,	33,	66,	16,	34,	37,	29,	93,	42,	48,	44,	97,	72,	20,	81,	88,	38,	87,	48,	58,	39,	30,	34,	80,	78,	56,	10,	49,	79,	36,	55,	21,	95,	46,	8,	74,	1,	18,	29,	60,	76,	32,	67,	21,	52,	7,	31,	2,	85,	18,	54,	42,	98
28,	35,	8,	65,	41,	61,	65,	56,	58,	59,	66,	53,	5,	60,	58,	63,	46,	58,	23,	44,	3,	16,	6,	13,	65,	10,	70,	41,	63,	19,	61,	77,	49,	64,	48,	38,	34,	20,	76,	55,	55,	61,	77,	70,	72,	2,	73,	63,	37,	16,	24,	38,	58,	48,	41,	64,	69,	43,	16,	27,	24,	44,	11,	40,	55,	2,	13,	54,	48,	75,	27,	7,	54,	32,	33,	60,	71,	23,	32,	47,	22,	35,	39,	55,	14,	29,	59,	55,	37,	52,	17,	77,	38,	7,	65,	59,	4,	71,	54,	31	


52,	93,	62,	92,	5,	75,	23,	14,	52,	15,	54,	6,	21,	27,	90,	47,	73,	24,	36,	57,	93,	4,	33,	40,	16,	59,	58,	43,	23,	97,	20,	6,	86,	29,	96,	65,	69,	6,	84,	88,	52,	72,	14,	91,	34,	52,	34,	49,	38,	92,	14,	76,	23,	86,	78,	9,	23,	90,	45,	76,	71,	34,	84,	22,	11,	57,	20,	58,	12,	52,	20,	22,	43,	30,	95,	68,	32,	20,	35,	39,	58,	20,	26,	75,	24,	82,	89,	37,	66,	73,	75,	28,	92,	24,	40,	22,	8,	77,	70,	26
73,	63,	45,	52,	26,	80,	10,	14,	39,	3,	64,	62,	68,	47,	60,	22,	32,	26,	35,	52,	64,	15,	77,	44,	55,	21,	36,	71,	41,	33,	15,	24,	41,	41,	46,	40,	48,	53,	66,	31,	78,	61,	54,	8,	7,	65,	77,	19,	57,	65,	56,	34,	61,	18,	6,	69,	52,	36,	52,	70,	67,	64,	62,	21,	45,	44,	12,	74,	35,	22,	12,	43,	43,	39,	25,	25,	1,	27,	73,	5,	35,	9,	77,	69,	78,	23,	4,	23,	79,	12,	40,	18,	27,	38,	74,	9,	42,	25,	3,	53	


68,	59,	42,	84,	77,	28,	40,	93,	98,	17,	50,	28,	55,	59,	43,	35,	10,	55,	6,	11,	8,	15,	87,	49,	91,	17,	8,	35,	16,	13,	38,	71,	93,	49,	15,	83,	50,	21,	8,	72,	34,	91,	84,	6,	70,	8,	17,	54,	55,	10,	65,	43,	94,	2,	83,	99,	64,	60,	14,	46,	35,	41,	36,	12,	100,	63,	65,	30,	71,	59,	7,	73,	98,	69,	1,	97,	72,	37,	83,	52,	21,	49,	74,	95,	12,	1,	61,	92,	8,	72,	78,	46,	5,	11,	82,	20,	80,	39,	50,	49
17,	21,	1,	77,	39,	62,	17,	71,	13,	42,	23,	3,	32,	80,	34,	2,	26,	63,	58,	74,	59,	47,	27,	64,	65,	41,	45,	2,	13,	30,	48,	47,	5,	50,	40,	62,	50,	76,	49,	19,	68,	73,	5,	59,	58,	47,	71,	49,	74,	41,	13,	34,	35,	41,	25,	68,	69,	28,	37,	43,	46,	71,	6,	62,	41,	16,	77,	18,	63,	65,	37,	2,	64,	3,	67,	67,	37,	19,	48,	74,	6,	45,	10,	16,	73,	30,	5,	38,	12,	40,	68,	61,	35,	67,	63,	74,	20,	54,	53,	21	


20,	50,	63,	25,	57,	64,	69,	98,	32,	41,	46,	5,	100,	16,	37,	24,	20,	78,	5,	49,	84,	28,	75,	49,	60,	81,	97,	5,	15,	66,	25,	11,	15,	30,	41,	83,	95,	29,	39,	27,	70,	2,	97,	66,	82,	65,	73,	3,	15,	61,	14,	84,	5,	29,	44,	40,	18,	83,	3,	76,	83,	95,	68,	45,	32,	41,	48,	5,	39,	46,	44,	47,	81,	75,	81,	72,	42,	70,	62,	95,	23,	42,	15,	25,	83,	39,	58,	39,	18,	73,	66,	13,	9,	20,	99,	19,	5,	42,	58,	23
19,	10,	60,	76,	11,	75,	51,	65,	63,	3,	17,	1,	58,	46,	22,	69,	66,	74,	42,	61,	13,	33,	17,	7,	61,	5,	6,	69,	72,	43,	70,	5,	28,	51,	51,	25,	22,	29,	9,	38,	60,	18,	79,	31,	72,	67,	56,	19,	4,	8,	3,	68,	24,	63,	67,	53,	13,	14,	60,	17,	21,	15,	57,	14,	5,	66,	36,	64,	5,	43,	17,	21,	21,	24,	62,	3,	26,	61,	66,	45,	47,	30,	19,	45,	10,	46,	38,	38,	53,	58,	4,	20,	62,	62,	26,	21,	40,	59,	46,	33	


14,	38,	34,	77,	1,	32,	78,	89,	46,	79,	60,	95,	81,	3,	66,	53,	23,	84,	2,	75,	36,	75,	93,	83,	35,	19,	99,	28,	85,	54,	18,	29,	100,	100,	23,	54,	84,	23,	91,	17,	69,	23,	99,	3,	31,	33,	65,	92,	77,	16,	69,	9,	50,	31,	40,	69,	85,	32,	93,	66,	93,	27,	14,	25,	13,	41,	61,	84,	84,	50,	16,	88,	61,	82,	56,	33,	100,	8,	29,	55,	24,	73,	48,	94,	25,	58,	64,	39,	67,	34,	71,	73,	76,	83,	64,	100,	84,	71,	31,	66
67,	13,	60,	27,	17,	2,	3,	18,	13,	70,	27,	70,	60,	51,	57,	40,	62,	37,	80,	42,	18,	33,	63,	58,	33,	46,	33,	12,	30,	30,	58,	32,	72,	1,	66,	39,	69,	8,	57,	78,	15,	20,	30,	43,	28,	80,	13,	44,	3,	59,	70,	24,	24,	60,	79,	41,	4,	43,	26,	76,	30,	9,	10,	30,	80,	1,	41,	30,	6,	16,	18,	80,	51,	6,	79,	80,	59,	54,	12,	33,	75,	64,	8,	3,	55,	80,	57,	77,	40,	22,	66,	50,	61,	16,	58,	67,	32,	23,	16,	35	


200	
2	
0.8


64,	48,	60,	63,	9,	88,	62,	43,	76,	34,	58,	17,	49,	18,	73,	90,	70,	71,	18,	42,	59,	100,	7,	99,	63,	96,	43,	52,	35,	3,	50,	95,	32,	100,	1,	79,	74,	32,	23,	18,	18,	5,	28,	8,	81,	21,	6,	100,	31,	90,	44,	94,	50,	1,	59,	9,	82,	40,	73,	22,	9,	34,	56,	54,	84,	21,	68,	96,	43,	93,	65,	80,	18,	6,	18,	46,	69,	43,	64,	14,	44,	26,	52,	79,	21,	98,	25,	83,	48,	84,	20,	47,	60,	16,	38,	21,	67,	43,	72,	63,	44,	29,	89,	62,	4,	57,	73,	14,	93,	6,	63,	62,	29,	47,	28,	43,	21,	91,	87,	48,	96,	68,	8,	4,	62,	33,	40,	5,	1,	19,	63,	99,	36,	95,	41,	67,	99,	9,	15,	9,	25,	4,	34,	35,	10,	13,	18,	7,	53,	79,	95,	33,	31,	2,	57,	24,	50,	49,	86,	20,	88,	19,	96,	9,	29,	92,	84,	20,	69,	62,	83,	10,	64,	71,	92,	96,	75,	87,	42,	69,	86,	97,	36,	86,	42,	81,	36,	60,	99,	51,	73,	25,	11,	20,	11,	26,	99,	17,	42,	43
50,	75,	70,	33,	63,	2,	47,	19,	10,	22,	79,	53,	32,	60,	9,	16,	49,	70,	65,	18,	21,	41,	62,	34,	5,	80,	24,	64,	1,	27,	44,	19,	37,	2,	13,	52,	70,	52,	22,	25,	13,	13,	28,	42,	70,	70,	15,	29,	80,	23,	1,	77,	37,	25,	38,	68,	25,	69,	27,	65,	2,	66,	13,	18,	76,	8,	66,	17,	36,	33,	42,	58,	52,	22,	28,	78,	59,	77,	77,	19,	6,	51,	14,	14,	12,	26,	17,	22,	1,	18,	49,	40,	30,	3,	2,	1,	79,	78,	21,	12,	40,	68,	24,	28,	5,	35,	44,	64,	62,	50,	39,	69,	36,	80,	61,	72,	64,	61,	52,	62,	5,	61,	41,	72,	62,	4,	74,	8,	43,	68,	33,	75,	70,	54,	63,	49,	34,	18,	24,	48,	1,	56,	28,	6,	53,	12,	52,	53,	13,	33,	45,	45,	13,	57,	70,	73,	27,	15,	15,	75,	13,	25,	77,	8,	39,	36,	25,	66,	14,	25,	17,	25,	18,	1,	11,	51,	66,	70,	8,	70,	52,	1,	9,	65,	59,	56,	10,	71,	71,	43,	66,	39,	72,	64,	8,	76,	62,	7,	14,	43	


33,	64,	4,	5,	77,	11,	98,	36,	49,	80,	88,	26,	87,	44,	28,	88,	71,	84,	56,	91,	3,	94,	96,	31,	15,	67,	46,	71,	38,	42,	21,	28,	80,	16,	50,	19,	60,	5,	98,	98,	45,	65,	12,	78,	100,	17,	99,	63,	59,	65,	89,	13,	51,	54,	3,	11,	18,	93,	10,	82,	88,	82,	47,	16,	26,	13,	19,	13,	93,	21,	20,	47,	58,	71,	9,	29,	2,	86,	57,	53,	85,	52,	94,	76,	34,	85,	78,	43,	22,	55,	16,	29,	96,	17,	68,	90,	38,	59,	58,	72,	81,	96,	39,	45,	54,	41,	85,	39,	36,	88,	76,	6,	70,	47,	49,	70,	26,	91,	7,	28,	38,	81,	42,	54,	78,	31,	69,	69,	100,	69,	36,	81,	7,	30,	57,	24,	29,	68,	75,	98,	65,	8,	64,	75,	46,	14,	33,	95,	16,	3,	32,	18,	83,	30,	9,	13,	7,	58,	52,	84,	27,	30,	95,	2,	99,	35,	83,	91,	41,	25,	99,	74,	13,	27,	14,	64,	12,	4,	69,	20,	61,	50,	10,	11,	11,	50,	28,	19,	5,	55,	7,	63,	64,	28,	22,	3,	5,	29,	91,	15
63,	40,	14,	26,	24,	10,	23,	19,	14,	64,	76,	77,	22,	38,	36,	52,	51,	54,	28,	13,	22,	61,	22,	24,	51,	22,	65,	64,	54,	37,	49,	11,	51,	67,	47,	33,	5,	15,	75,	12,	76,	42,	35,	49,	79,	1,	77,	18,	11,	29,	35,	28,	57,	48,	63,	80,	76,	22,	50,	70,	59,	47,	16,	5,	52,	66,	77,	61,	38,	8,	71,	30,	79,	48,	72,	48,	42,	8,	62,	35,	77,	55,	65,	78,	16,	74,	43,	56,	25,	10,	75,	18,	55,	44,	69,	52,	2,	43,	14,	71,	77,	50,	70,	32,	31,	30,	50,	12,	7,	43,	37,	45,	24,	39,	78,	1,	77,	17,	75,	80,	41,	2,	11,	17,	53,	45,	56,	31,	47,	20,	50,	22,	71,	33,	37,	74,	45,	70,	73,	24,	48,	5,	28,	55,	24,	22,	14,	71,	64,	53,	7,	1,	25,	9,	28,	13,	52,	50,	52,	9,	50,	52,	24,	51,	65,	11,	4,	57,	32,	29,	49,	6,	11,	36,	63,	73,	74,	78,	5,	8,	54,	75,	60,	70,	68,	22,	43,	40,	65,	51,	39,	30,	6,	64,	59,	15,	72,	74,	12,	14	


67,	44,	78,	89,	18,	50,	8,	73,	26,	13,	98,	16,	48,	61,	98,	31,	65,	94,	24,	87,	92,	3,	18,	94,	26,	67,	60,	52,	50,	4,	74,	12,	60,	84,	90,	29,	5,	32,	9,	22,	35,	9,	22,	4,	71,	70,	93,	86,	89,	39,	38,	11,	1,	20,	71,	95,	33,	2,	15,	28,	16,	81,	82,	63,	86,	1,	72,	20,	57,	33,	84,	35,	82,	73,	44,	80,	50,	18,	81,	53,	86,	92,	16,	29,	3,	98,	40,	54,	71,	68,	78,	25,	63,	10,	26,	61,	67,	68,	16,	53,	61,	55,	85,	25,	86,	72,	96,	42,	42,	53,	16,	30,	66,	15,	96,	50,	20,	61,	16,	14,	33,	15,	85,	38,	10,	97,	3,	11,	74,	52,	96,	77,	61,	23,	78,	28,	74,	38,	2,	88,	64,	92,	9,	90,	32,	2,	46,	46,	19,	33,	9,	6,	6,	43,	69,	21,	65,	54,	19,	58,	37,	28,	42,	40,	46,	60,	36,	39,	11,	99,	15,	66,	83,	56,	63,	2,	76,	84,	59,	81,	47,	9,	56,	74,	31,	48,	42,	76,	32,	29,	99,	96,	64,	95,	54,	77,	66,	33,	35,	90
31,	70,	18,	33,	26,	62,	23,	76,	68,	80,	30,	77,	17,	65,	63,	5,	67,	62,	14,	22,	56,	79,	47,	36,	58,	4,	42,	39,	32,	48,	14,	10,	77,	36,	70,	1,	43,	75,	57,	74,	80,	26,	60,	3,	7,	56,	21,	4,	9,	59,	79,	74,	74,	49,	33,	37,	23,	26,	77,	45,	30,	8,	38,	51,	34,	75,	71,	73,	40,	67,	67,	56,	68,	76,	61,	19,	12,	11,	21,	46,	73,	37,	12,	32,	54,	26,	24,	33,	66,	26,	20,	7,	54,	64,	14,	31,	53,	22,	48,	18,	22,	13,	60,	7,	25,	43,	28,	58,	3,	27,	54,	54,	77,	73,	79,	49,	36,	16,	57,	13,	6,	28,	8,	18,	30,	58,	6,	60,	58,	29,	13,	28,	9,	16,	17,	50,	34,	70,	35,	3,	4,	19,	75,	42,	2,	59,	51,	46,	1,	76,	72,	54,	75,	19,	2,	44,	33,	45,	44,	30,	12,	42,	46,	72,	4,	46,	65,	21,	13,	71,	59,	51,	80,	21,	5,	71,	42,	29,	23,	4,	40,	22,	19,	18,	32,	45,	73,	37,	63,	66,	11,	67,	40,	42,	67,	72,	77,	33,	6,	45	


89,	19,	73,	91,	22,	83,	47,	51,	19,	75,	12,	32,	5,	52,	64,	75,	36,	4,	37,	27,	90,	75,	19,	54,	69,	85,	93,	80,	24,	47,	52,	43,	18,	98,	92,	64,	84,	68,	66,	95,	52,	65,	51,	41,	32,	65,	12,	73,	5,	86,	98,	76,	38,	39,	67,	41,	17,	14,	54,	93,	92,	19,	15,	83,	64,	14,	69,	94,	87,	66,	17,	23,	63,	52,	41,	4,	4,	39,	64,	41,	93,	88,	99,	72,	65,	38,	94,	66,	99,	28,	64,	74,	53,	88,	37,	48,	34,	94,	20,	68,	5,	16,	68,	59,	1,	56,	17,	82,	45,	42,	49,	14,	75,	17,	28,	29,	41,	82,	29,	26,	78,	45,	15,	67,	48,	92,	48,	30,	15,	20,	82,	26,	97,	83,	51,	58,	41,	25,	81,	14,	3,	23,	13,	77,	2,	73,	96,	5,	8,	21,	47,	89,	84,	94,	9,	91,	15,	65,	17,	57,	89,	53,	30,	80,	96,	51,	33,	80,	57,	80,	83,	31,	36,	27,	88,	22,	64,	64,	82,	87,	98,	22,	28,	46,	78,	52,	96,	9,	30,	34,	71,	97,	32,	31,	58,	94,	6,	84,	21,	21
8,	80,	1,	47,	64,	57,	51,	47,	20,	5,	53,	1,	56,	39,	9,	73,	45,	8,	74,	58,	49,	36,	77,	29,	68,	20,	68,	37,	24,	79,	33,	79,	46,	26,	76,	1,	70,	15,	53,	34,	12,	64,	57,	26,	79,	63,	47,	29,	2,	36,	9,	73,	55,	16,	34,	18,	38,	27,	54,	45,	29,	35,	23,	39,	21,	21,	61,	59,	52,	13,	26,	33,	16,	28,	16,	24,	2,	70,	73,	48,	6,	74,	33,	5,	77,	41,	32,	69,	37,	19,	72,	47,	4,	49,	48,	41,	67,	72,	37,	24,	45,	39,	73,	26,	26,	64,	22,	42,	50,	53,	9,	54,	79,	46,	25,	52,	37,	49,	52,	10,	22,	46,	7,	19,	80,	56,	37,	35,	26,	54,	21,	23,	19,	37,	48,	20,	23,	15,	24,	68,	57,	63,	24,	79,	16,	3,	30,	44,	47,	70,	30,	67,	26,	64,	19,	23,	14,	39,	53,	38,	41,	56,	17,	70,	52,	62,	52,	37,	65,	77,	71,	77,	56,	72,	24,	48,	54,	6,	75,	69,	37,	30,	34,	4,	6,	21,	3,	31,	36,	69,	67,	26,	12,	46,	9,	35,	68,	5,	50,	38	


95,	37,	72,	80,	62,	98,	44,	11,	83,	64,	41,	94,	87,	95,	80,	76,	41,	85,	8,	11,	8,	27,	53,	69,	75,	42,	12,	38,	83,	23,	46,	87,	62,	1,	87,	43,	20,	97,	62,	11,	2,	3,	90,	63,	24,	37,	87,	7,	47,	21,	18,	31,	88,	65,	97,	36,	79,	10,	30,	96,	61,	26,	55,	47,	90,	38,	82,	48,	99,	69,	39,	44,	94,	88,	30,	32,	15,	89,	40,	22,	1,	41,	78,	54,	52,	23,	78,	10,	24,	50,	32,	94,	38,	66,	68,	11,	49,	6,	90,	55,	33,	34,	95,	37,	92,	22,	67,	20,	1,	86,	76,	41,	98,	54,	57,	80,	37,	55,	60,	53,	77,	25,	93,	51,	32,	66,	35,	35,	55,	71,	48,	57,	66,	18,	54,	79,	96,	24,	50,	85,	66,	92,	59,	84,	18,	77,	55,	52,	95,	49,	43,	77,	82,	29,	31,	17,	67,	48,	90,	39,	37,	75,	99,	16,	50,	41,	43,	81,	73,	12,	27,	51,	39,	18,	81,	38,	74,	61,	93,	17,	91,	34,	29,	62,	28,	8,	52,	98,	8,	22,	75,	57,	27,	24,	92,	61,	100,	68,	65,	34
59,	40,	76,	68,	33,	26,	73,	27,	35,	35,	8,	51,	5,	33,	3,	54,	53,	64,	64,	2,	29,	11,	69,	56,	45,	76,	67,	71,	12,	42,	50,	26,	12,	22,	12,	27,	1,	44,	58,	76,	44,	73,	20,	4,	37,	29,	44,	28,	47,	65,	55,	49,	80,	29,	15,	78,	79,	40,	5,	65,	72,	47,	52,	41,	27,	60,	68,	9,	72,	75,	44,	17,	46,	76,	3,	10,	57,	61,	35,	30,	79,	14,	20,	37,	42,	2,	7,	63,	57,	53,	22,	6,	54,	10,	39,	21,	31,	7,	40,	13,	57,	22,	63,	18,	46,	3,	68,	17,	57,	1,	16,	36,	38,	47,	68,	62,	25,	43,	71,	63,	34,	55,	56,	46,	48,	79,	18,	12,	28,	4,	22,	76,	51,	37,	50,	30,	35,	40,	27,	74,	50,	41,	58,	74,	14,	37,	13,	33,	21,	8,	8,	10,	73,	4,	6,	76,	20,	26,	72,	19,	47,	72,	38,	73,	44,	32,	69,	77,	42,	15,	60,	53,	78,	60,	48,	58,	4,	24,	56,	3,	49,	54,	27,	34,	33,	66,	58,	42,	68,	60,	51,	1,	37,	79,	72,	15,	67,	61,	69,	32	


300	
2	
0.8

58,	13,	99,	64,	95,	83,	25,	21,	32,	77,	74,	13,	41,	40,	79,	75,	49,	76,	39,	17,	88,	10,	43,	45,	40,	24,	88,	95,	76,	3,	24,	41,	68,	71,	6,	91,	89,	5,	31,	56,	74,	39,	19,	41,	19,	51,	76,	66,	7,	100,	75,	57,	91,	46,	15,	46,	32,	1,	17,	47,	88,	28,	88,	57,	82,	9,	47,	23,	79,	13,	22,	32,	94,	7,	78,	48,	2,	80,	20,	86,	44,	13,	11,	30,	55,	85,	52,	85,	1,	58,	95,	94,	31,	36,	13,	55,	67,	50,	54,	70,	25,	88,	22,	24,	14,	51,	37,	8,	21,	21,	68,	93,	46,	14,	24,	59,	37,	27,	69,	84,	34,	41,	82,	41,	43,	39,	40,	95,	24,	84,	43,	47,	91,	40,	27,	40,	61,	82,	80,	48,	35,	35,	69,	11,	41,	40,	40,	65,	63,	89,	31,	54,	13,	36,	61,	70,	22,	72,	89,	82,	29,	15,	11,	50,	34,	18,	71,	6,	10,	26,	77,	68,	3,	87,	73,	71,	93,	21,	15,	32,	60,	64,	72,	64,	14,	54,	88,	39,	63,	32,	98,	40,	90,	45,	34,	4,	76,	75,	91,	31,	79,	46,	8,	60,	62,	10,	97,	100,	13,	42,	23,	90,	15,	49,	2,	62,	15,	50,	43,	97,	53,	14,	6,	39,	61,	63,	29,	86,	68,	1,	65,	53,	20,	6,	15,	18,	7,	20,	49,	82,	90,	96,	100,	14,	67,	88,	79,	14,	98,	60,	20,	31,	13,	94,	11,	21,	22,	23,	49,	89,	53,	50,	72,	28,	34,	32,	69,	35,	15,	41,	2,	30,	81,	96,	39,	48,	16,	21,	12,	7,	39,	49,	4,	39,	62,	99,	44,	90,	31,	5,	73,	59,	1,	74,	31,	56,	73,	80,	91,	98

59,	80,	29,	58,	78,	45,	13,	74,	70,	79,	16,	39,	28,	43,	19,	36,	19,	27,	59,	14,	39,	12,	11,	26,	1,	45,	48,	60,	34,	26,	49,	33,	16,	66,	79,	34,	41,	71,	2,	2,	71,	2,	33,	66,	35,	22,	71,	23,	17,	64,	71,	4,	14,	33,	42,	48,	64,	22,	14,	35,	17,	3,	14,	46,	17,	28,	46,	69,	9,	25,	38,	65,	73,	22,	13,	5,	15,	69,	48,	73,	14,	22,	35,	21,	14,	28,	37,	57,	51,	18,	5,	28,	45,	63,	33,	28,	27,	9,	11,	8,	74,	28,	32,	74,	33,	80,	17,	39,	75,	73,	28,	74,	22,	19,	63,	40,	46,	70,	22,	62,	26,	10,	8,	55,	21,	62,	51,	6,	8,	8,	34,	31,	66,	59,	35,	61,	53,	54,	54,	14,	27,	74,	1,	53,	55,	15,	58,	71,	16,	2,	41,	31,	67,	24,	64,	67,	16,	70,	43,	9,	53,	8,	19,	25,	79,	4,	23,	3,	22,	2,	47,	78,	31,	31,	61,	73,	45,	15,	30,	48,	49,	50,	21,	33,	62,	30,	53,	42,	78,	28,	14,	10,	52,	24,	48,	13,	59,	39,	18,	25,	24,	59,	65,	63,	44,	39,	29,	67,	56,	66,	17,	71,	44,	26,	20,	12,	7,	55,	10,	4,	46,	61,	26,	58,	41,	56,	73,	4,	74,	1,	62,	72,	34,	43,	2,	79,	24,	24,	58,	1,	76,	59,	21,	8,	26,	43,	52,	58,	79,	32,	50,	78,	42,	41,	55,	53,	17,	22,	76,	67,	68,	11,	63,	29,	40,	45,	74,	1,	48,	38,	33,	55,	72,	70,	56,	71,	37,	67,	20,	65,	10,	67,	23,	70,	11,	75,	68,	44,	45,	29,	73,	48,	51,	32,	32,	1,	77,	28,	38,	73	


28,	100,	21,	73,	37,	69,	85,	30,	27,	57,	43,	78,	26,	70,	7,	41,	10,	56,	50,	64,	68,	67,	83,	21,	82,	38,	80,	39,	82,	12,	34,	73,	48,	25,	59,	87,	76,	29,	100,	71,	79,	60,	26,	67,	59,	47,	85,	86,	51,	33,	54,	39,	23,	90,	16,	58,	71,	56,	67,	55,	55,	20,	23,	23,	19,	86,	25,	52,	90,	72,	53,	3,	97,	71,	83,	40,	77,	28,	17,	76,	4,	11,	84,	26,	55,	83,	77,	35,	99,	88,	82,	70,	39,	61,	98,	93,	97,	32,	17,	58,	57,	34,	80,	9,	77,	11,	76,	19,	80,	72,	16,	81,	19,	48,	72,	9,	48,	64,	62,	5,	72,	47,	98,	12,	97,	57,	99,	27,	52,	55,	31,	54,	57,	58,	45,	60,	81,	63,	24,	7,	61,	83,	4,	79,	35,	82,	47,	48,	56,	26,	18,	67,	43,	80,	7,	37,	52,	77,	80,	14,	91,	31,	81,	96,	34,	39,	10,	53,	86,	70,	21,	10,	77,	79,	44,	73,	38,	27,	85,	10,	95,	74,	58,	7,	62,	87,	38,	6,	86,	73,	28,	67,	100,	40,	18,	55,	49,	19,	5,	1,	5,	100,	86,	59,	93,	52,	28,	90,	66,	63,	29,	47,	96,	87,	42,	70,	77,	92,	78,	85,	33,	94,	57,	39,	15,	5,	70,	73,	67,	69,	98,	7,	63,	88,	100,	14,	60,	44,	94,	90,	87,	51,	48,	24,	34,	23,	35,	8,	30,	41,	20,	66,	12,	99,	95,	13,	34,	88,	90,	48,	7,	57,	54,	42,	59,	16,	87,	9,	46,	3,	47,	72,	81,	66,	73,	44,	86,	72,	64,	25,	46,	4,	25,	30,	22,	13,	50,	53,	46,	100,	34,	50,	95,	61,	38,	83,	77,	67,	49,	23

37,	23,	59,	43,	77,	69,	60,	78,	67,	17,	31,	32,	76,	55,	54,	34,	72,	42,	80,	18,	24,	32,	76,	21,	38,	56,	67,	77,	49,	48,	64,	63,	40,	9,	60,	66,	65,	70,	30,	73,	80,	70,	39,	47,	70,	44,	31,	12,	2,	61,	79,	49,	47,	74,	80,	46,	17,	16,	54,	77,	13,	79,	66,	33,	15,	32,	44,	27,	54,	38,	69,	4,	70,	44,	65,	37,	80,	72,	30,	67,	21,	8,	2,	26,	69,	60,	17,	13,	17,	33,	48,	30,	9,	47,	77,	33,	3,	33,	9,	43,	72,	5,	20,	78,	57,	38,	52,	6,	40,	49,	4,	4,	24,	75,	45,	60,	43,	28,	64,	18,	7,	47,	26,	69,	55,	52,	69,	49,	75,	75,	63,	59,	69,	71,	14,	76,	47,	78,	46,	40,	55,	31,	49,	7,	25,	18,	7,	16,	65,	80,	77,	50,	69,	18,	18,	7,	19,	35,	67,	14,	75,	49,	10,	28,	53,	24,	6,	12,	24,	12,	38,	33,	38,	28,	12,	66,	56,	71,	2,	59,	61,	56,	58,	43,	48,	42,	56,	46,	77,	21,	65,	78,	25,	25,	69,	64,	68,	66,	58,	78,	19,	14,	17,	71,	51,	53,	50,	27,	69,	3,	37,	10,	25,	53,	7,	59,	41,	3,	51,	22,	36,	40,	75,	62,	21,	24,	51,	17,	59,	29,	71,	74,	30,	72,	53,	5,	7,	29,	14,	48,	26,	76,	55,	55,	65,	3,	41,	69,	56,	22,	74,	19,	21,	65,	9,	21,	55,	14,	11,	63,	22,	33,	44,	35,	2,	78,	33,	58,	47,	72,	27,	73,	11,	30,	25,	80,	60,	11,	53,	74,	21,	32,	24,	10,	4,	29,	44,	30,	58,	11,	55,	31,	73,	10,	5,	3,	26,	62,	28,	71	


67,	81,	84,	58,	38,	88,	1,	44,	33,	65,	40,	88,	71,	71,	82,	91,	1,	60,	71,	1,	80,	9,	23,	29,	1,	30,	48,	15,	35,	80,	3,	67,	94,	38,	96,	75,	29,	7,	34,	58,	81,	27,	8,	50,	30,	61,	51,	38,	6,	59,	64,	75,	15,	95,	69,	35,	43,	28,	5,	96,	10,	70,	88,	56,	34,	45,	51,	41,	52,	17,	39,	20,	15,	35,	28,	58,	91,	1,	38,	22,	73,	21,	36,	92,	48,	11,	63,	70,	82,	100,	39,	50,	88,	58,	9,	48,	96,	8,	81,	22,	62,	69,	67,	53,	46,	60,	61,	16,	10,	76,	55,	3,	95,	37,	12,	58,	42,	49,	16,	59,	4,	49,	79,	15,	89,	10,	70,	49,	25,	43,	94,	9,	26,	47,	9,	5,	76,	80,	17,	46,	40,	3,	23,	25,	87,	83,	66,	68,	51,	35,	19,	75,	92,	100,	3,	68,	56,	51,	73,	26,	93,	40,	3,	53,	20,	16,	31,	36,	95,	86,	84,	39,	75,	69,	68,	59,	6,	71,	56,	64,	14,	69,	68,	70,	91,	63,	7,	65,	94,	81,	31,	74,	36,	99,	70,	21,	93,	79,	94,	26,	2,	10,	92,	94,	10,	51,	12,	31,	19,	41,	43,	23,	50,	46,	1,	31,	62,	67,	17,	91,	33,	70,	68,	42,	81,	77,	94,	9,	53,	42,	77,	11,	11,	91,	36,	57,	25,	63,	29,	81,	89,	35,	9,	30,	97,	17,	43,	62,	56,	84,	37,	63,	17,	57,	81,	58,	47,	4,	35,	67,	55,	7,	14,	54,	72,	65,	28,	74,	4,	40,	19,	58,	41,	71,	45,	9,	76,	48,	34,	14,	89,	18,	9,	11,	24,	100,	51,	63,	21,	17,	74,	16,	91,	94,	67,	33,	37,	74,	44,	60

64,	49,	8,	58,	71,	58,	72,	77,	10,	15,	15,	35,	74,	19,	66,	40,	32,	44,	38,	60,	80,	1,	52,	36,	74,	21,	49,	50,	58,	48,	11,	43,	47,	64,	10,	15,	63,	31,	76,	15,	20,	60,	73,	14,	1,	44,	68,	4,	75,	21,	13,	12,	2,	61,	12,	49,	13,	3,	9,	7,	29,	52,	8,	33,	26,	38,	39,	17,	27,	52,	23,	53,	80,	72,	23,	49,	79,	18,	28,	72,	6,	75,	61,	20,	40,	78,	43,	49,	57,	1,	37,	1,	70,	57,	51,	53,	60,	3,	11,	80,	45,	64,	30,	80,	72,	36,	1,	80,	5,	70,	56,	62,	10,	27,	38,	53,	6,	40,	21,	41,	39,	56,	64,	61,	63,	75,	44,	24,	25,	56,	60,	16,	17,	53,	46,	64,	73,	26,	46,	77,	8,	49,	31,	8,	27,	21,	43,	23,	74,	31,	40,	74,	6,	40,	57,	63,	11,	19,	55,	80,	40,	71,	7,	45,	40,	71,	10,	14,	35,	17,	73,	11,	62,	28,	6,	21,	78,	80,	55,	67,	39,	44,	25,	14,	15,	54,	13,	42,	45,	14,	79,	48,	44,	63,	42,	64,	10,	32,	68,	44,	60,	41,	66,	18,	54,	32,	16,	79,	29,	28,	61,	55,	54,	55,	51,	75,	20,	54,	20,	18,	53,	44,	32,	78,	54,	3,	20,	56,	14,	65,	32,	78,	77,	39,	73,	8,	26,	64,	44,	21,	38,	3,	63,	33,	71,	13,	60,	25,	45,	24,	40,	34,	66,	25,	78,	30,	52,	75,	73,	63,	75,	37,	68,	62,	77,	21,	19,	4,	22,	17,	57,	37,	61,	15,	9,	19,	55,	41,	53,	58,	10,	36,	3,	64,	2,	75,	29,	71,	14,	45,	65,	41,	55,	64,	7,	27,	22,	45,	4,	80	


33,	86,	59,	85,	75,	37,	43,	85,	21,	74,	38,	75,	67,	7,	18,	64,	68,	57,	91,	37,	54,	25,	71,	23,	27,	13,	1,	37,	92,	28,	76,	63,	92,	73,	63,	51,	34,	13,	88,	100,	35,	81,	2,	7,	64,	53,	29,	34,	86,	6,	18,	17,	35,	60,	67,	40,	22,	41,	89,	15,	32,	42,	86,	85,	84,	24,	50,	5,	20,	57,	26,	39,	68,	21,	25,	11,	5,	21,	31,	66,	98,	19,	80,	82,	90,	84,	38,	65,	1,	16,	23,	38,	82,	22,	66,	29,	27,	14,	74,	4,	37,	30,	61,	35,	31,	91,	80,	33,	89,	76,	44,	20,	4,	27,	80,	92,	20,	94,	20,	46,	83,	55,	67,	75,	44,	60,	6,	8,	12,	38,	67,	58,	6,	71,	84,	79,	55,	79,	24,	79,	55,	6,	20,	73,	99,	25,	42,	3,	38,	76,	40,	90,	39,	18,	77,	32,	37,	94,	50,	39,	27,	64,	98,	72,	91,	59,	53,	28,	71,	56,	45,	29,	24,	38,	40,	24,	43,	39,	57,	78,	8,	82,	39,	54,	6,	8,	96,	84,	63,	95,	100,	20,	8,	86,	71,	64,	3,	42,	53,	3,	4,	13,	50,	21,	20,	66,	36,	13,	47,	60,	14,	99,	67,	9,	88,	33,	25,	94,	44,	38,	33,	34,	39,	63,	48,	58,	96,	29,	100,	37,	52,	30,	18,	1,	40,	76,	44,	92,	10,	71,	28,	22,	36,	89,	91,	74,	45,	21,	81,	75,	63,	96,	62,	92,	44,	80,	42,	46,	3,	16,	10,	38,	95,	68,	31,	46,	43,	2,	79,	26,	8,	45,	59,	30,	27,	58,	85,	94,	5,	5,	2,	83,	91,	99,	29,	43,	33,	89,	81,	8,	66,	47,	63,	80,	100,	5,	85,	48,	75,	96

35,	75,	30,	20,	62,	9,	6,	47,	26,	62,	13,	42,	22,	9,	2,	63,	69,	18,	13,	57,	74,	17,	2,	12,	29,	56,	19,	60,	75,	61,	64,	15,	19,	54,	21,	57,	47,	77,	7,	26,	32,	28,	17,	73,	26,	39,	16,	13,	38,	49,	48,	24,	49,	62,	59,	42,	40,	43,	27,	52,	39,	13,	47,	24,	42,	62,	80,	56,	56,	6,	28,	27,	19,	28,	7,	49,	24,	3,	37,	26,	49,	7,	75,	79,	51,	67,	3,	17,	65,	18,	58,	20,	30,	24,	47,	15,	8,	46,	35,	4,	79,	67,	35,	54,	63,	74,	40,	41,	66,	54,	65,	30,	73,	57,	22,	16,	34,	53,	21,	22,	48,	42,	59,	27,	50,	27,	19,	41,	34,	23,	61,	27,	24,	17,	8,	78,	53,	13,	25,	27,	70,	12,	13,	3,	22,	5,	15,	80,	13,	33,	54,	26,	20,	74,	76,	23,	57,	57,	6,	20,	4,	61,	7,	7,	27,	23,	20,	43,	38,	67,	7,	2,	43,	5,	68,	59,	79,	72,	2,	8,	68,	12,	29,	30,	9,	51,	9,	31,	13,	2,	10,	23,	50,	45,	44,	31,	65,	22,	16,	31,	2,	71,	68,	12,	7,	79,	57,	24,	19,	29,	23,	76,	53,	51,	3,	43,	17,	14,	6,	3,	23,	28,	38,	57,	22,	53,	16,	34,	49,	7,	69,	8,	35,	41,	30,	4,	61,	35,	66,	58,	48,	35,	30,	35,	25,	34,	75,	2,	13,	20,	70,	46,	39,	51,	43,	31,	42,	9,	6,	5,	69,	74,	78,	75,	22,	5,	21,	44,	34,	3,	58,	21,	2,	73,	57,	68,	67,	59,	41,	27,	50,	24,	16,	49,	16,	28,	20,	43,	30,	60,	65,	2,	60,	67,	64,	33,	59,	55,	26,	75	


32,	38,	55,	12,	6,	60,	32,	17,	30,	85,	95,	45,	44,	14,	17,	87,	24,	20,	77,	10,	21,	87,	10,	83,	3,	1,	41,	39,	2,	19,	88,	69,	85,	44,	72,	94,	75,	96,	86,	23,	49,	89,	25,	25,	83,	48,	4,	85,	56,	1,	85,	71,	26,	43,	48,	51,	92,	36,	70,	94,	59,	25,	8,	2,	41,	94,	49,	36,	82,	89,	46,	76,	82,	57,	75,	54,	94,	46,	91,	17,	2,	60,	26,	75,	72,	39,	55,	58,	76,	39,	16,	86,	26,	63,	31,	99,	92,	33,	4,	27,	22,	96,	30,	16,	19,	59,	49,	44,	76,	43,	88,	89,	3,	96,	79,	85,	39,	80,	84,	25,	52,	37,	80,	27,	89,	12,	65,	54,	24,	25,	75,	6,	88,	84,	84,	25,	96,	88,	44,	81,	86,	59,	47,	69,	65,	23,	1,	55,	66,	62,	3,	84,	99,	24,	36,	26,	51,	75,	49,	66,	87,	56,	68,	78,	4,	82,	77,	55,	40,	70,	37,	52,	31,	83,	68,	96,	88,	92,	64,	40,	59,	25,	89,	63,	61,	7,	26,	84,	35,	39,	18,	7,	88,	12,	70,	71,	75,	67,	78,	95,	12,	88,	10,	98,	41,	97,	74,	15,	56,	64,	28,	56,	33,	17,	55,	100,	63,	8,	62,	67,	92,	12,	69,	78,	4,	100,	27,	37,	81,	20,	67,	54,	58,	4,	65,	73,	36,	25,	62,	31,	94,	49,	37,	78,	42,	4,	69,	89,	17,	49,	66,	93,	8,	9,	22,	35,	21,	87,	71,	77,	65,	72,	41,	15,	3,	94,	87,	21,	6,	63,	19,	46,	35,	51,	99,	21,	12,	48,	51,	61,	76,	73,	92,	8,	25,	28,	23,	86,	56,	66,	68,	70,	78,	82,	31,	86,	49,	20,	3,	93

60,	61,	9,	49,	58,	14,	49,	51,	9,	62,	3,	11,	45,	36,	5,	80,	36,	70,	72,	42,	30,	73,	15,	40,	59,	29,	78,	64,	24,	50,	78,	43,	29,	61,	54,	52,	12,	64,	70,	48,	76,	61,	19,	66,	15,	22,	36,	29,	80,	67,	15,	39,	66,	52,	77,	56,	31,	16,	32,	44,	53,	42,	1,	56,	63,	5,	64,	6,	18,	9,	60,	70,	51,	11,	70,	33,	71,	2,	48,	23,	50,	10,	55,	19,	24,	69,	74,	76,	15,	62,	44,	30,	72,	57,	71,	52,	10,	57,	27,	7,	5,	68,	53,	26,	6,	55,	5,	35,	66,	66,	73,	79,	1,	66,	34,	13,	20,	20,	47,	43,	36,	53,	52,	35,	1,	76,	72,	27,	1,	2,	69,	25,	78,	31,	41,	16,	41,	35,	26,	32,	24,	50,	5,	70,	73,	71,	69,	20,	11,	29,	27,	30,	31,	63,	36,	33,	25,	57,	63,	65,	68,	67,	22,	73,	39,	66,	17,	36,	30,	7,	15,	27,	26,	51,	48,	14,	43,	75,	21,	48,	73,	76,	32,	40,	32,	78,	38,	69,	59,	22,	74,	45,	50,	52,	11,	80,	67,	43,	41,	79,	1,	70,	3,	4,	48,	39,	75,	61,	26,	65,	34,	22,	75,	70,	3,	27,	79,	24,	25,	62,	35,	65,	7,	24,	61,	4,	7,	19,	25,	36,	60,	61,	61,	11,	62,	28,	44,	76,	74,	66,	10,	20,	77,	49,	30,	48,	17,	18,	32,	33,	53,	13,	9,	50,	59,	55,	55,	69,	16,	72,	73,	5,	20,	70,	3,	48,	66,	54,	21,	59,	9,	51,	12,	18,	60,	24,	32,	12,	2,	54,	55,	42,	65,	50,	22,	36,	45,	77,	29,	35,	7,	59,	37,	41,	23,	26,	18,	52,	19,	7	



8	
2	
0.95


36,	21,	48,	9,	36,	40,	56,	43
4,	52,	87,	73,	47,	75,	19,	66	

5,	21,	50,	44,	54,	84,	16,	7
35,	65,	60,	21,	76,	36,	7,	26	

22,	1,	18,	80,	51,	16,	79,	29
8,	21,	39,	86,	12,	50,	86,	26	

23,	34,	100,	100,	61,	46,	67,	39
29,	45,	13,	95,	76,	59,	4,	26	

58,	83,	69,	26,	72,	87,	49,	64
22,	64,	74,	69,	66,	6,	19,	57	


20	
2	
0.95


28,	35,	73,	53,	63,	58,	87,	56,	74,	21,	90,	84,	69,	32,	80,	83,	30,	63,	49,	18
89,	34,	31,	64,	6,	48,	68,	10,	50,	38,	55,	87,	48,	81,	77,	62,	57,	84,	2,	57	

69,	1,	51,	55,	57,	55,	75,	75,	45,	16,	31,	49,	48,	71,	21,	46,	37,	65,	5,	66
50,	17,	8,	7,	79,	70,	70,	46,	17,	59,	51,	33,	23,	81,	93,	79,	53,	13,	11,	36	

64,	66,	44,	73,	66,	68,	14,	69,	20,	85,	84,	36,	58,	23,	85,	89,	62,	57,	67,	84
63,	52,	92,	3,	84,	74,	93,	72,	5,	30,	8,	48,	1,	37,	73,	44,	34,	20,	66,	38	

76,	49,	64,	15,	73,	76,	19,	98,	95,	59,	29,	42,	52,	43,	83,	78,	40,	63,	82,	59
20,	74,	56,	29,	91,	75,	57,	36,	15,	64,	81,	16,	94,	69,	59,	50,	56,	70,	10,	6	

57,	79,	20,	89,	37,	61,	100,	63,	58,	20,	16,	95,	26,	25,	57,	100,	56,	95,	70,	64
30,	29,	34,	27,	81,	61,	78,	67,	78,	3,	21,	50,	48,	9,	9,	10,	35,	57,	58,	37	


50	
2	
0.95


90,	11,	5,	56,	50,	63,	90,	96,	48,	46,	17,	36,	2,	70,	88,	1,	80,	1,	30,	81,	56,	62,	50,	40,	71,	69,	54,	83,	12,	68,	13,	28,	30,	28,	87,	42,	3,	42,	12,	52,	19,	73,	23,	31,	11,	85,	18,	20,	95,	58
64,	27,	90,	51,	59,	30,	15,	19,	87,	84,	57,	78,	79,	47,	32,	84,	61,	14,	68,	11,	58,	67,	75,	74,	93,	44,	4,	30,	32,	34,	3,	60,	35,	19,	39,	34,	63,	67,	87,	10,	5,	39,	73,	90,	43,	69,	44,	7,	7,	78	


67,	77,	83,	14,	40,	2,	4,	19,	68,	6,	70,	81,	76,	54,	93,	99,	12,	46,	84,	98,	73,	49,	99,	9,	8,	98,	16,	10,	36,	22,	31,	39,	46,	40,	95,	5,	39,	46,	72,	55,	68,	7,	35,	26,	83,	98,	18,	59,	23,	45
34,	56,	33,	62,	79,	79,	89,	7,	14,	81,	81,	7,	51,	4,	27,	31,	10,	24,	9,	24,	21,	71,	32,	18,	49,	57,	69,	6,	65,	58,	65,	49,	76,	15,	54,	74,	35,	88,	25,	11,	10,	6,	28,	95,	17,	85,	48,	54,	10,	14	


71,	18,	48,	81,	51,	53,	72,	1,	13,	20,	28,	26,	80,	96,	65,	72,	79,	54,	77,	36,	29,	39,	14,	57,	100,	57,	48,	87,	21,	64,	61,	71,	75,	17,	11,	78,	92,	43,	12,	36,	79,	42,	26,	4,	61,	83,	1,	64,	78,	77
54,	83,	92,	43,	38,	42,	92,	10,	89,	79,	53,	36,	17,	31,	24,	45,	74,	79,	75,	3,	38,	61,	17,	12,	33,	59,	30,	87,	87,	85,	60,	89,	60,	6,	95,	46,	49,	68,	74,	71,	67,	91,	25,	47,	2,	28,	64,	95,	87,	60	


14,	93,	18,	19,	6,	38,	58,	17,	82,	20,	54,	95,	81,	15,	27,	60,	51,	38,	31,	26,	7,	64,	21,	47,	53,	36,	54,	99,	14,	84,	74,	31,	47,	96,	27,	64,	36,	1,	60,	61,	64,	22,	81,	2,	86,	86,	80,	87,	40,	55
85,	32,	22,	77,	70,	27,	71,	21,	16,	13,	12,	46,	71,	48,	46,	37,	18,	68,	53,	36,	61,	44,	3,	74,	21,	27,	37,	49,	49,	25,	28,	31,	30,	77,	46,	10,	73,	43,	17,	89,	8,	62,	86,	50,	10,	31,	34,	73,	59,	44	


38,	79,	26,	4,	11,	35,	28,	26,	53,	92,	76,	23,	33,	57,	64,	17,	55,	6,	60,	27,	45,	1,	31,	60,	98,	27,	81,	16,	32,	87,	33,	48,	50,	19,	18,	30,	9,	33,	61,	74,	99,	30,	52,	44,	69,	30,	38,	40,	85,	48
27,	74,	28,	75,	37,	10,	49,	24,	10,	37,	6,	17,	22,	8,	59,	56,	65,	80,	76,	22,	43,	57,	22,	68,	44,	93,	11,	95,	68,	15,	59,	17,	95,	19,	52,	87,	68,	86,	29,	18,	62,	20,	25,	8,	23,	21,	84,	7,	30,	57	


100	
2	
0.95


17,	24,	31,	46,	90,	82,	40,	100,	82,	65,	81,	48,	60,	98,	61,	44,	52,	27,	29,	56,	29,	18,	86,	2,	53,	85,	85,	80,	30,	44,	40,	19,	53,	76,	69,	55,	73,	65,	41,	77,	36,	79,	96,	21,	34,	67,	2,	68,	81,	38,	79,	50,	17,	60,	84,	54,	100,	96,	41,	72,	31,	4,	74,	89,	66,	7,	70,	46,	21,	47,	45,	28,	84,	43,	90,	2,	51,	3,	28,	82,	68,	41,	95,	79,	95,	71,	29,	88,	72,	39,	44,	32,	49,	74,	28,	73,	94,	37,	50,	54
42,	47,	43,	23,	36,	11,	92,	24,	60,	1,	58,	15,	20,	66,	59,	19,	32,	74,	67,	76,	20,	74,	67,	37,	73,	59,	34,	77,	52,	55,	42,	13,	40,	48,	84,	12,	13,	20,	84,	6,	88,	93,	38,	75,	19,	6,	10,	31,	6,	51,	5,	1,	49,	89,	73,	92,	62,	90,	61,	87,	3,	34,	11,	51,	46,	6,	66,	63,	23,	50,	55,	62,	33,	16,	24,	70,	95,	31,	68,	20,	88,	65,	28,	70,	82,	47,	63,	57,	65,	86,	73,	16,	61,	76,	30,	48,	23,	73,	42,	2	


94,	38,	71,	13,	80,	77,	74,	96,	25,	92,	23,	11,	62,	74,	27,	68,	11,	5,	77,	81,	93,	10,	91,	93,	48,	72,	73,	95,	61,	15,	19,	59,	40,	62,	84,	28,	50,	93,	94,	7,	21,	15,	16,	31,	78,	15,	79,	76,	88,	90,	78,	98,	53,	19,	27,	92,	59,	92,	67,	2,	71,	43,	41,	71,	7,	2,	28,	16,	41,	30,	11,	18,	31,	46,	35,	93,	68,	58,	57,	88,	39,	52,	40,	97,	52,	2,	51,	34,	33,	30,	31,	24,	60,	57,	60,	32,	37,	67,	1,	11
91,	31,	72,	93,	92,	33,	22,	56,	6,	41,	87,	24,	35,	15,	34,	30,	36,	11,	89,	88,	27,	66,	41,	12,	89,	35,	95,	46,	59,	92,	28,	19,	83,	68,	32,	61,	82,	5,	51,	64,	65,	23,	55,	92,	27,	8,	13,	15,	52,	68,	42,	43,	57,	49,	57,	53,	13,	81,	39,	81,	64,	21,	19,	70,	20,	52,	74,	82,	39,	44,	48,	21,	67,	32,	80,	75,	7,	28,	33,	89,	41,	11,	37,	52,	29,	69,	90,	41,	95,	67,	84,	28,	41,	14,	51,	20,	45,	13,	20,	57	


87,	62,	81,	91,	3,	70,	33,	85,	43,	57,	94,	58,	43,	44,	19,	47,	27,	56,	16,	25,	71,	25,	18,	78,	100,	78,	64,	46,	32,	37,	83,	6,	90,	20,	60,	27,	42,	32,	64,	22,	47,	57,	85,	67,	42,	69,	86,	88,	88,	84,	55,	28,	65,	6,	72,	91,	26,	80,	52,	82,	2,	72,	77,	18,	19,	62,	15,	21,	99,	7,	53,	41,	48,	45,	70,	96,	76,	62,	78,	67,	32,	73,	68,	25,	70,	41,	80,	5,	4,	77,	26,	96,	43,	57,	36,	20,	3,	65,	36,	93
53,	35,	12,	39,	53,	86,	17,	41,	57,	16,	13,	16,	26,	50,	23,	10,	38,	5,	17,	20,	79,	63,	37,	82,	21,	89,	47,	36,	34,	85,	63,	26,	37,	47,	66,	20,	76,	44,	87,	9,	29,	45,	4,	48,	64,	86,	30,	33,	40,	17,	47,	56,	16,	38,	28,	19,	44,	33,	42,	80,	16,	34,	80,	9,	47,	33,	54,	19,	86,	73,	7,	71,	52,	91,	81,	1,	44,	42,	94,	48,	68,	37,	68,	89,	16,	73,	58,	67,	46,	9,	39,	29,	37,	12,	19,	74,	42,	8,	70,	65	


11,	13,	74,	73,	76,	95,	36,	2,	78,	66,	45,	88,	51,	23,	50,	72,	55,	63,	90,	86,	76,	44,	81,	6,	52,	89,	91,	6,	40,	38,	72,	100,	45,	59,	100,	2,	75,	91,	95,	16,	18,	46,	36,	1,	82,	15,	52,	84,	79,	86,	37,	9,	36,	69,	46,	80,	43,	76,	80,	52,	18,	66,	31,	21,	42,	43,	44,	92,	2,	61,	47,	14,	69,	67,	69,	60,	36,	59,	78,	79,	36,	1,	24,	10,	4,	75,	66,	92,	81,	33,	28,	39,	22,	34,	79,	70,	37,	44,	15,	36
71,	92,	64,	13,	57,	8,	30,	83,	90,	80,	9,	13,	5,	88,	13,	7,	44,	79,	40,	27,	80,	64,	18,	80,	71,	17,	73,	91,	80,	39,	47,	74,	44,	1,	49,	78,	58,	37,	1,	83,	81,	49,	23,	35,	26,	1,	16,	63,	32,	40,	87,	8,	61,	22,	61,	31,	7,	3,	18,	36,	11,	16,	11,	81,	41,	20,	41,	75,	70,	64,	7,	75,	71,	43,	16,	33,	13,	49,	26,	62,	56,	94,	13,	5,	68,	16,	61,	84,	68,	26,	5,	11,	9,	39,	89,	4,	86,	45,	66,	78	


32,	43,	46,	13,	93,	68,	93,	92,	10,	91,	41,	97,	6,	82,	59,	8,	91,	8,	72,	25,	18,	48,	23,	81,	23,	15,	82,	6,	13,	76,	100,	60,	85,	77,	92,	23,	94,	23,	61,	52,	78,	49,	29,	2,	93,	63,	64,	33,	93,	59,	63,	97,	3,	27,	26,	50,	44,	17,	57,	16,	47,	45,	4,	61,	90,	84,	51,	11,	2,	21,	68,	85,	24,	87,	19,	33,	32,	78,	57,	82,	60,	2,	48,	68,	54,	32,	61,	83,	70,	68,	71,	9,	80,	88,	28,	87,	38,	49,	4,	90
8,	49,	90,	83,	81,	43,	11,	29,	37,	16,	70,	17,	20,	93,	21,	55,	45,	51,	86,	34,	53,	83,	79,	63,	8,	15,	73,	19,	32,	26,	60,	75,	85,	43,	62,	41,	51,	78,	40,	45,	21,	26,	87,	91,	54,	69,	94,	25,	72,	56,	41,	53,	26,	21,	74,	15,	26,	89,	78,	36,	3,	52,	54,	78,	44,	64,	37,	71,	53,	29,	57,	26,	77,	92,	2,	92,	39,	95,	25,	24,	17,	51,	10,	17,	18,	86,	79,	52,	29,	20,	77,	29,	58,	14,	6,	52,	25,	72,	26,	92	



200	
2	
0.95


92,	70,	69,	100,	29,	62,	57,	7,	73,	33,	3,	47,	92,	7,	69,	62,	87,	28,	30,	65,	42,	19,	65,	96,	59,	51,	35,	48,	85,	87,	19,	64,	78,	65,	69,	70,	58,	60,	17,	11,	39,	87,	10,	98,	39,	99,	84,	66,	5,	21,	14,	35,	81,	45,	5,	23,	16,	15,	46,	72,	100,	93,	84,	49,	44,	66,	62,	28,	50,	91,	78,	96,	26,	71,	25,	59,	63,	12,	64,	39,	32,	64,	7,	38,	66,	61,	45,	40,	69,	96,	3,	22,	56,	16,	96,	78,	61,	75,	35,	27,	44,	99,	47,	61,	100,	60,	62,	19,	17,	88,	43,	42,	58,	74,	80,	48,	90,	14,	84,	3,	81,	36,	95,	63,	44,	75,	67,	41,	36,	21,	69,	89,	14,	46,	79,	83,	62,	5,	28,	18,	16,	62,	12,	59,	20,	13,	98,	50,	6,	63,	47,	94,	19,	67,	64,	21,	80,	66,	36,	89,	6,	46,	5,	70,	43,	97,	33,	49,	40,	48,	51,	39,	54,	73,	31,	47,	14,	42,	88,	32,	47,	18,	71,	81,	33,	17,	52,	13,	58,	46,	99,	27,	85,	34,	83,	1,	46,	11,	88,	77
47,	64,	70,	78,	14,	64,	28,	77,	30,	42,	73,	71,	72,	50,	6,	85,	51,	68,	87,	76,	53,	5,	72,	78,	35,	53,	27,	31,	64,	3,	28,	23,	41,	8,	41,	30,	25,	77,	17,	5,	77,	58,	81,	5,	67,	19,	88,	74,	32,	56,	62,	66,	21,	87,	5,	83,	46,	86,	34,	79,	90,	1,	40,	11,	56,	42,	52,	9,	54,	9,	85,	44,	37,	63,	22,	72,	43,	89,	47,	52,	66,	25,	8,	91,	30,	20,	91,	52,	90,	4,	59,	23,	45,	85,	16,	94,	33,	4,	52,	2,	89,	95,	78,	15,	66,	82,	86,	32,	21,	24,	56,	15,	41,	30,	12,	70,	46,	86,	24,	95,	17,	14,	87,	36,	60,	42,	78,	10,	71,	15,	63,	81,	54,	39,	70,	64,	20,	88,	22,	14,	84,	3,	12,	87,	41,	63,	83,	18,	18,	19,	87,	78,	58,	13,	95,	62,	77,	51,	66,	67,	38,	15,	76,	62,	79,	84,	61,	76,	35,	1,	16,	16,	24,	79,	7,	93,	78,	66,	38,	55,	14,	86,	11,	90,	55,	73,	50,	61,	56,	60,	88,	7,	69,	32,	6,	26,	30,	83,	78,	80,	

33,	25,	90,	76,	8,	40,	83,	58,	58,	43,	15,	85,	4,	53,	10,	52,	52,	56,	63,	58,	95,	68,	92,	70,	23,	41,	27,	12,	5,	25,	31,	7,	8,	26,	96,	92,	33,	71,	88,	77,	56,	3,	46,	17,	82,	68,	72,	46,	40,	1,	6,	29,	55,	18,	95,	8,	14,	84,	75,	14,	44,	20,	55,	47,	39,	34,	43,	38,	65,	42,	52,	60,	10,	77,	95,	92,	70,	6,	31,	23,	50,	18,	69,	40,	62,	95,	82,	30,	2,	80,	47,	86,	86,	93,	94,	37,	22,	87,	13,	79,	12,	90,	31,	88,	77,	80,	90,	92,	60,	94,	2,	48,	88,	68,	65,	77,	23,	20,	38,	89,	74,	41,	36,	41,	67,	100,	69,	94,	85,	8,	11,	76,	2,	90,	55,	57,	49,	47,	81,	79,	73,	19,	76,	49,	77,	13,	43,	24,	88,	87,	94,	73,	44,	78,	58,	74,	85,	75,	8,	24,	30,	75,	29,	20,	15,	57,	5,	2,	52,	23,	86,	42,	92,	34,	90,	87,	97,	95,	63,	92,	24,	90,	81,	76,	74,	92,	99,	33,	1,	41,	78,	61,	39,	3,	68,	83,	94,	72,	66,	9
39,	38,	68,	1,	58,	69,	78,	92,	56,	26,	10,	39,	8,	53,	4,	17,	89,	93,	93,	25,	95,	74,	3,	31,	23,	9,	63,	18,	6,	9,	8,	44,	69,	52,	39,	22,	71,	16,	67,	32,	4,	20,	81,	38,	8,	92,	65,	10,	78,	3,	39,	55,	21,	84,	16,	75,	55,	85,	35,	28,	66,	51,	62,	67,	22,	62,	89,	72,	85,	1,	74,	21,	74,	70,	30,	49,	23,	32,	57,	30,	71,	37,	7,	75,	67,	93,	52,	69,	21,	36,	38,	47,	78,	46,	77,	16,	61,	17,	59,	61,	65,	68,	70,	47,	77,	39,	62,	77,	61,	83,	93,	90,	52,	27,	93,	41,	47,	80,	48,	6,	10,	45,	27,	20,	50,	30,	4,	6,	29,	66,	21,	85,	18,	81,	95,	90,	32,	79,	62,	44,	8,	56,	94,	63,	88,	50,	44,	77,	10,	27,	50,	17,	54,	36,	1,	27,	54,	12,	43,	76,	9,	44,	66,	11,	84,	81,	51,	18,	91,	24,	34,	92,	31,	44,	79,	9,	48,	37,	74,	90,	80,	94,	73,	42,	66,	61,	13,	90,	63,	15,	57,	32,	70,	24,	20,	9,	92,	36,	22,	39,	

47,	52,	74,	25,	94,	90,	60,	65,	76,	92,	3,	34,	64,	37,	95,	38,	89,	90,	33,	100,	89,	49,	77,	84,	39,	83,	66,	35,	62,	55,	73,	49,	86,	76,	56,	47,	16,	48,	60,	47,	10,	43,	48,	9,	4,	18,	7,	38,	8,	13,	91,	62,	6,	1,	92,	67,	28,	80,	43,	89,	3,	22,	23,	53,	75,	96,	76,	23,	18,	49,	71,	14,	29,	77,	33,	16,	22,	47,	48,	78,	16,	40,	35,	75,	37,	17,	38,	9,	26,	88,	2,	96,	93,	19,	93,	66,	26,	2,	71,	67,	99,	66,	64,	6,	58,	51,	48,	34,	41,	84,	52,	93,	58,	40,	70,	86,	41,	7,	76,	98,	9,	96,	46,	100,	85,	71,	35,	17,	56,	23,	14,	96,	63,	11,	18,	76,	59,	34,	52,	42,	19,	23,	26,	97,	95,	10,	31,	66,	64,	32,	87,	59,	29,	2,	76,	15,	7,	98,	76,	17,	17,	34,	36,	40,	27,	31,	81,	62,	32,	41,	10,	52,	45,	51,	47,	46,	46,	10,	29,	79,	24,	24,	50,	17,	100,	40,	65,	76,	44,	84,	93,	53,	11,	70,	15,	98,	61,	45,	58,	42
34,	27,	42,	21,	24,	37,	81,	15,	54,	74,	79,	63,	68,	69,	94,	41,	22,	3,	11,	18,	64,	75,	29,	32,	33,	88,	28,	30,	78,	87,	45,	7,	90,	30,	25,	36,	2,	34,	3,	11,	66,	48,	55,	87,	73,	12,	8,	87,	20,	5,	64,	31,	49,	92,	28,	83,	7,	88,	13,	91,	61,	9,	21,	67,	15,	81,	10,	46,	74,	11,	46,	95,	30,	11,	70,	27,	13,	2,	29,	70,	41,	18,	67,	9,	3,	47,	12,	93,	35,	80,	14,	38,	43,	52,	9,	10,	77,	92,	86,	87,	18,	38,	79,	67,	40,	24,	62,	72,	94,	73,	51,	49,	14,	75,	47,	90,	3,	87,	64,	1,	13,	58,	79,	76,	60,	81,	38,	44,	76,	52,	86,	85,	75,	74,	35,	51,	91,	20,	48,	51,	47,	23,	64,	34,	86,	65,	33,	69,	28,	51,	22,	11,	17,	85,	20,	69,	73,	49,	56,	82,	72,	27,	4,	14,	43,	90,	64,	75,	28,	42,	3,	13,	2,	17,	48,	8,	46,	26,	31,	77,	1,	36,	70,	46,	73,	44,	93,	51,	21,	56,	61,	88,	94,	57,	50,	5,	11,	20,	52,	77,	

12,	38,	52,	4,	84,	5,	66,	89,	66,	93,	41,	84,	86,	33,	60,	56,	75,	40,	32,	6,	26,	72,	82,	7,	91,	3,	89,	24,	83,	87,	43,	16,	88,	47,	50,	38,	14,	69,	22,	46,	26,	47,	38,	92,	77,	65,	25,	88,	86,	82,	39,	65,	81,	99,	12,	69,	96,	55,	36,	56,	29,	83,	51,	16,	56,	75,	68,	98,	76,	5,	44,	76,	40,	24,	28,	91,	51,	8,	47,	90,	72,	100,	7,	43,	96,	69,	20,	83,	26,	39,	37,	61,	54,	41,	95,	5,	97,	8,	4,	38,	49,	91,	54,	79,	30,	83,	98,	58,	63,	2,	83,	26,	62,	86,	87,	16,	33,	54,	30,	16,	1,	82,	41,	52,	40,	15,	63,	4,	76,	40,	64,	96,	65,	85,	86,	58,	98,	88,	81,	96,	44,	93,	1,	33,	37,	38,	31,	52,	38,	94,	36,	13,	93,	74,	90,	92,	30,	42,	83,	6,	98,	24,	31,	75,	63,	43,	70,	83,	6,	86,	77,	32,	64,	36,	51,	70,	39,	80,	19,	90,	74,	32,	39,	9,	22,	43,	23,	5,	100,	36,	37,	2,	49,	48,	86,	1,	73,	58,	97,	58
55,	18,	54,	77,	46,	95,	38,	35,	9,	77,	8,	49,	25,	32,	76,	16,	29,	63,	35,	38,	45,	16,	8,	94,	60,	3,	66,	31,	46,	54,	28,	58,	95,	36,	63,	17,	15,	91,	75,	34,	60,	2,	85,	17,	91,	54,	40,	72,	35,	67,	85,	7,	10,	19,	82,	22,	85,	73,	52,	4,	60,	63,	67,	37,	47,	1,	85,	30,	3,	77,	94,	32,	20,	53,	95,	16,	15,	57,	15,	84,	91,	91,	89,	73,	67,	77,	54,	50,	21,	43,	59,	70,	35,	60,	22,	13,	34,	91,	30,	20,	23,	63,	13,	49,	17,	44,	48,	51,	45,	34,	53,	76,	50,	15,	40,	75,	28,	41,	50,	67,	78,	40,	29,	15,	95,	37,	90,	44,	85,	22,	83,	88,	37,	52,	20,	53,	31,	30,	84,	30,	85,	38,	76,	21,	37,	88,	40,	36,	12,	63,	11,	33,	15,	93,	4,	80,	86,	65,	4,	27,	30,	55,	95,	44,	78,	39,	25,	27,	32,	36,	44,	22,	36,	2,	73,	70,	43,	67,	21,	47,	19,	85,	54,	76,	34,	19,	30,	13,	27,	2,	35,	5,	6,	15,	79,	26,	44,	43,	23,	81,	


75,	21,	74,	52,	10,	35,	3,	24,	73,	33,	56,	17,	81,	33,	99,	58,	5,	66,	94,	6,	60,	75,	73,	100,	79,	75,	87,	55,	36,	96,	57,	59,	36,	90,	93,	36,	40,	66,	60,	9,	1,	77,	78,	7,	18,	46,	59,	86,	33,	27,	74,	29,	24,	77,	16,	26,	72,	55,	84,	13,	67,	26,	66,	23,	38,	75,	62,	76,	53,	73,	40,	36,	51,	63,	3,	87,	85,	49,	27,	52,	23,	30,	84,	74,	60,	56,	47,	66,	33,	82,	55,	7,	84,	93,	30,	29,	25,	40,	15,	96,	62,	77,	94,	56,	23,	64,	57,	68,	29,	5,	7,	13,	43,	90,	69,	34,	89,	90,	5,	60,	35,	3,	97,	35,	81,	86,	24,	21,	54,	26,	96,	57,	21,	69,	95,	3,	3,	76,	27,	75,	52,	50,	9,	44,	81,	89,	80,	63,	94,	77,	11,	73,	84,	15,	9,	74,	100,	87,	45,	26,	51,	4,	62,	30,	49,	100,	84,	75,	72,	34,	81,	92,	81,	43,	61,	2,	34,	93,	23,	7,	79,	81,	29,	85,	95,	32,	28,	58,	53,	86,	69,	28,	44,	53,	93,	89,	16,	36,	76,	96
30,	26,	94,	67,	14,	63,	54,	62,	92,	68,	19,	32,	88,	37,	88,	74,	84,	85,	7,	26,	68,	77,	73,	88,	52,	92,	76,	18,	77,	39,	71,	86,	15,	36,	33,	35,	51,	27,	53,	94,	75,	73,	16,	23,	39,	64,	72,	66,	30,	5,	67,	63,	52,	41,	7,	11,	27,	39,	68,	33,	20,	22,	48,	75,	94,	38,	20,	78,	89,	73,	58,	78,	65,	24,	75,	46,	54,	87,	53,	81,	48,	12,	25,	37,	13,	12,	91,	52,	9,	92,	30,	76,	7,	87,	36,	9,	88,	48,	10,	26,	92,	88,	28,	46,	18,	17,	77,	32,	62,	45,	88,	81,	70,	89,	16,	3,	56,	92,	33,	17,	78,	93,	30,	45,	46,	89,	40,	18,	6,	90,	29,	26,	83,	65,	58,	66,	16,	94,	90,	35,	30,	75,	1,	80,	4,	23,	67,	15,	66,	71,	59,	60,	3,	18,	91,	31,	73,	90,	1,	75,	46,	30,	46,	68,	26,	39,	77,	60,	51,	70,	24,	67,	9,	71,	34,	6,	46,	93,	77,	6,	6,	84,	40,	60,	20,	37,	30,	41,	66,	40,	59,	79,	75,	2,	39,	56,	45,	25,	86,	73,	


300	
2	
0.95

16,	95,	80,	82,	32,	39,	64,	67,	11,	68,	20,	41,	52,	85,	70,	83,	83,	52,	65,	39,	91,	3,	86,	87,	3,	26,	79,	53,	41,	80,	37,	98,	43,	32,	86,	7,	50,	34,	33,	36,	78,	8,	30,	90,	50,	83,	34,	56,	32,	35,	60,	97,	1,	48,	54,	20,	95,	90,	39,	45,	51,	77,	6,	12,	22,	10,	38,	42,	40,	75,	24,	75,	72,	94,	95,	50,	65,	81,	62,	63,	38,	16,	30,	17,	50,	61,	36,	42,	51,	70,	25,	41,	97,	62,	66,	94,	97,	82,	70,	47,	89,	43,	94,	84,	23,	40,	23,	87,	53,	82,	24,	25,	35,	98,	4,	74,	2,	21,	52,	94,	8,	72,	17,	53,	57,	91,	60,	52,	20,	50,	96,	72,	91,	96,	99,	19,	74,	39,	51,	11,	77,	92,	67,	83,	96,	65,	7,	40,	79,	43,	77,	34,	3,	92,	16,	13,	6,	80,	98,	9,	46,	36,	61,	53,	62,	68,	9,	40,	74,	68,	36,	32,	87,	12,	73,	81,	97,	26,	43,	49,	25,	94,	69,	100,	67,	82,	51,	42,	25,	25,	76,	71,	73,	34,	73,	23,	1,	86,	52,	11,	56,	71,	58,	46,	16,	82,	28,	67,	47,	19,	85,	21,	60,	7,	95,	32,	13,	59,	65,	3,	26,	22,	36,	5,	44,	54,	67,	18,	35,	40,	44,	82,	24,	78,	48,	19,	65,	26,	84,	34,	56,	8,	64,	99,	100,	79,	64,	51,	4,	78,	9,	76,	39,	24,	34,	50,	44,	62,	33,	58,	1,	26,	52,	2,	57,	10,	26,	89,	89,	38,	69,	62,	95,	24,	34,	62,	72,	1,	20,	31,	84,	92,	29,	77,	95,	39,	53,	80,	75,	30,	39,	46,	82,	33,	52,	28,	7,	96,	2,	3

31,	21,	57,	38,	92,	55,	8,	6,	75,	33,	29,	10,	24,	23,	93,	32,	2,	22,	45,	88,	19,	95,	56,	59,	66,	92,	63,	7,	75,	87,	59,	4,	71,	17,	77,	58,	51,	23,	52,	40,	76,	18,	36,	30,	51,	83,	40,	71,	9,	29,	91,	84,	42,	50,	88,	21,	27,	9,	56,	70,	52,	25,	44,	5,	81,	41,	18,	20,	34,	58,	64,	88,	14,	51,	33,	80,	82,	77,	3,	79,	13,	58,	44,	89,	51,	3,	30,	8,	82,	15,	79,	9,	2,	89,	65,	80,	89,	11,	24,	14,	49,	90,	1,	21,	53,	7,	27,	92,	93,	25,	55,	40,	51,	79,	49,	50,	6,	77,	36,	86,	33,	22,	5,	81,	4,	58,	20,	5,	46,	46,	74,	93,	37,	79,	70,	61,	65,	60,	2,	65,	53,	57,	28,	43,	42,	66,	81,	90,	36,	87,	47,	10,	33,	79,	14,	32,	74,	42,	47,	70,	71,	4,	5,	75,	68,	43,	17,	28,	21,	79,	52,	1,	2,	27,	27,	35,	38,	55,	33,	76,	1,	20,	70,	62,	49,	22,	54,	32,	60,	4,	56,	85,	71,	37,	74,	10,	38,	85,	67,	3,	93,	23,	42,	7,	11,	88,	42,	57,	22,	22,	13,	68,	53,	58,	9,	42,	77,	50,	19,	25,	60,	88,	91,	23,	45,	11,	71,	8,	39,	46,	23,	47,	52,	20,	51,	93,	57,	20,	37,	63,	82,	42,	55,	79,	15,	38,	18,	34,	79,	38,	1,	48,	23,	8,	8,	44,	44,	45,	32,	89,	53,	79,	14,	38,	66,	30,	15,	24,	42,	92,	2,	40,	23,	44,	13,	1,	65,	34,	89,	71,	47,	26,	72,	92,	74,	64,	30,	19,	85,	8,	1,	60,	81,	38,	65,	35,	11,	72,	12,	94	


20,	89,	5,	99,	96,	90,	77,	49,	57,	90,	23,	42,	83,	7,	67,	86,	23,	86,	80,	72,	16,	6,	12,	13,	37,	51,	74,	30,	92,	89,	31,	95,	52,	33,	16,	59,	17,	27,	21,	95,	92,	20,	88,	74,	36,	88,	92,	72,	14,	79,	11,	12,	4,	54,	28,	33,	97,	88,	5,	15,	79,	59,	84,	17,	37,	26,	35,	26,	26,	62,	31,	23,	50,	12,	75,	47,	80,	75,	38,	12,	90,	72,	25,	62,	28,	54,	20,	37,	91,	28,	26,	70,	82,	20,	86,	92,	72,	51,	12,	98,	38,	48,	32,	82,	84,	38,	34,	18,	50,	85,	20,	14,	43,	40,	27,	44,	92,	77,	27,	96,	19,	71,	92,	71,	77,	81,	87,	91,	10,	34,	71,	56,	67,	41,	41,	56,	73,	15,	18,	58,	43,	45,	35,	9,	17,	36,	18,	5,	74,	82,	84,	77,	66,	73,	27,	80,	71,	2,	60,	5,	52,	19,	82,	9,	71,	24,	30,	62,	42,	30,	15,	41,	86,	94,	51,	76,	89,	75,	20,	80,	25,	48,	55,	1,	95,	16,	92,	46,	49,	73,	40,	53,	94,	53,	61,	7,	86,	91,	66,	36,	73,	21,	58,	92,	60,	56,	64,	30,	38,	73,	65,	87,	36,	90,	72,	13,	79,	60,	2,	41,	19,	59,	8,	90,	21,	47,	45,	87,	14,	85,	4,	33,	82,	17,	46,	44,	8,	97,	94,	60,	52,	51,	43,	31,	16,	93,	65,	52,	20,	29,	80,	29,	79,	2,	63,	38,	71,	65,	29,	21,	11,	15,	42,	72,	38,	27,	29,	5,	84,	30,	71,	64,	8,	57,	76,	84,	43,	64,	17,	97,	91,	71,	82,	25,	85,	15,	74,	51,	59,	20,	36,	23,	54,	66,	24,	75,	89,	33,	24,	38

50,	32,	75,	3,	27,	6,	39,	9,	47,	61,	6,	12,	84,	23,	24,	18,	64,	5,	60,	81,	91,	24,	81,	38,	74,	16,	2,	17,	51,	93,	87,	49,	60,	89,	56,	8,	61,	83,	64,	75,	25,	23,	16,	9,	74,	42,	17,	16,	41,	94,	79,	52,	38,	89,	61,	41,	60,	10,	3,	46,	18,	40,	75,	12,	57,	17,	17,	83,	6,	53,	46,	53,	58,	85,	76,	38,	17,	29,	28,	9,	44,	29,	87,	12,	90,	63,	59,	47,	78,	80,	61,	50,	94,	69,	17,	15,	3,	22,	54,	84,	94,	84,	65,	77,	64,	1,	77,	7,	27,	3,	53,	2,	54,	44,	49,	56,	76,	5,	73,	86,	41,	64,	35,	94,	47,	3,	11,	54,	17,	73,	27,	14,	72,	46,	93,	84,	23,	60,	22,	21,	55,	69,	21,	31,	22,	4,	36,	52,	27,	51,	34,	62,	86,	18,	80,	76,	55,	2,	70,	13,	35,	41,	25,	72,	90,	74,	60,	81,	59,	55,	35,	72,	82,	62,	5,	49,	84,	7,	83,	57,	3,	4,	69,	11,	81,	69,	6,	7,	21,	44,	43,	60,	84,	35,	42,	47,	26,	5,	36,	25,	81,	34,	38,	71,	9,	79,	10,	74,	7,	66,	6,	85,	64,	27,	7,	16,	43,	71,	83,	36,	58,	42,	55,	65,	29,	10,	49,	62,	83,	12,	38,	77,	74,	59,	94,	54,	15,	25,	13,	35,	23,	73,	34,	82,	26,	14,	22,	41,	40,	61,	95,	88,	16,	82,	8,	66,	56,	3,	76,	15,	76,	62,	17,	2,	8,	88,	77,	17,	93,	19,	18,	33,	29,	63,	18,	8,	4,	91,	72,	69,	55,	79,	42,	27,	95,	42,	31,	83,	7,	61,	29,	15,	41,	45,	4,	90,	73,	92,	70,	55	


83,	5,	63,	99,	20,	30,	1,	47,	98,	82,	10,	87,	68,	12,	45,	94,	100,	50,	98,	65,	8,	98,	21,	1,	24,	61,	18,	39,	71,	100,	64,	46,	94,	30,	47,	65,	39,	65,	10,	80,	100,	70,	91,	53,	63,	28,	48,	93,	25,	88,	67,	77,	66,	68,	58,	59,	39,	25,	41,	42,	32,	32,	46,	76,	98,	93,	67,	74,	13,	58,	88,	79,	48,	7,	84,	94,	69,	98,	2,	88,	88,	19,	100,	37,	85,	86,	65,	2,	72,	52,	8,	74,	75,	94,	48,	78,	12,	92,	40,	26,	25,	48,	76,	54,	9,	53,	54,	96,	2,	7,	21,	36,	33,	46,	7,	96,	83,	24,	91,	8,	34,	68,	90,	19,	56,	92,	61,	12,	5,	65,	28,	46,	54,	71,	98,	95,	42,	21,	81,	22,	68,	63,	91,	73,	83,	10,	100,	72,	75,	48,	72,	6,	8,	95,	69,	75,	80,	68,	15,	69,	28,	7,	84,	31,	23,	82,	24,	58,	65,	71,	20,	73,	87,	73,	79,	98,	70,	36,	37,	11,	48,	5,	30,	54,	18,	32,	74,	93,	96,	64,	10,	84,	68,	84,	41,	15,	89,	58,	84,	16,	40,	95,	55,	76,	55,	75,	52,	95,	33,	75,	23,	12,	11,	32,	84,	99,	98,	35,	31,	1,	1,	1,	37,	22,	24,	93,	88,	60,	25,	96,	43,	31,	91,	96,	79,	10,	75,	82,	9,	84,	3,	30,	80,	92,	85,	64,	36,	70,	62,	51,	65,	22,	74,	54,	10,	15,	14,	5,	37,	1,	86,	51,	61,	99,	89,	18,	13,	44,	94,	68,	86,	66,	82,	96,	70,	95,	63,	28,	69,	100,	79,	62,	8,	29,	54,	7,	34,	42,	45,	36,	84,	73,	27,	24,	30,	52,	44,	51,	22,	55

14,	50,	4,	79,	53,	52,	50,	95,	54,	82,	6,	94,	81,	84,	32,	24,	8,	35,	33,	95,	89,	20,	21,	60,	38,	81,	59,	45,	13,	38,	25,	86,	33,	34,	39,	46,	77,	66,	81,	73,	75,	62,	36,	76,	34,	88,	76,	83,	7,	71,	47,	68,	83,	25,	68,	87,	51,	79,	54,	35,	74,	46,	10,	60,	48,	52,	51,	22,	61,	11,	38,	74,	46,	75,	18,	88,	41,	41,	65,	56,	35,	14,	32,	24,	71,	24,	30,	3,	59,	75,	88,	63,	4,	76,	11,	82,	42,	28,	25,	64,	82,	10,	89,	84,	82,	24,	29,	5,	91,	4,	15,	44,	82,	27,	27,	8,	83,	25,	22,	30,	72,	79,	40,	36,	65,	38,	27,	33,	57,	18,	55,	95,	39,	19,	33,	63,	94,	11,	31,	71,	83,	73,	94,	20,	64,	40,	60,	58,	57,	57,	20,	93,	67,	50,	51,	88,	35,	42,	70,	82,	93,	54,	60,	53,	88,	6,	32,	27,	5,	91,	3,	87,	50,	66,	88,	58,	76,	43,	28,	54,	9,	26,	59,	37,	27,	20,	19,	62,	37,	86,	78,	19,	61,	94,	56,	8,	11,	5,	79,	34,	69,	38,	57,	55,	29,	24,	90,	66,	3,	43,	16,	23,	79,	91,	65,	68,	75,	27,	7,	31,	28,	47,	90,	74,	78,	48,	64,	20,	94,	8,	41,	2,	82,	53,	8,	29,	33,	54,	85,	18,	47,	62,	37,	56,	94,	94,	41,	56,	22,	17,	87,	64,	15,	48,	48,	72,	31,	10,	18,	3,	31,	52,	93,	94,	16,	48,	54,	31,	32,	70,	44,	74,	77,	40,	48,	12,	40,	50,	69,	53,	57,	91,	12,	78,	3,	21,	94,	20,	77,	71,	95,	8,	47,	70,	95,	9,	26,	66,	24,	77	


70,	71,	45,	73,	74,	19,	11,	22,	23,	76,	61,	5,	62,	78,	32,	100,	86,	61,	87,	47,	91,	22,	99,	57,	45,	61,	87,	87,	26,	35,	66,	62,	55,	34,	7,	5,	97,	2,	68,	20,	90,	22,	48,	27,	76,	82,	98,	44,	64,	45,	9,	19,	79,	51,	29,	62,	53,	98,	95,	25,	41,	62,	48,	42,	34,	85,	39,	46,	78,	14,	70,	28,	62,	74,	6,	29,	3,	36,	100,	17,	67,	27,	7,	25,	72,	93,	18,	16,	50,	39,	87,	52,	61,	43,	17,	97,	11,	40,	46,	4,	6,	11,	68,	54,	14,	75,	62,	41,	66,	38,	45,	16,	56,	75,	23,	71,	77,	3,	58,	65,	51,	23,	18,	38,	49,	68,	61,	99,	42,	22,	54,	43,	76,	26,	52,	55,	82,	66,	91,	85,	82,	31,	86,	63,	53,	42,	79,	88,	81,	90,	7,	34,	73,	90,	6,	54,	29,	81,	65,	45,	30,	75,	75,	65,	78,	39,	50,	24,	75,	36,	39,	19,	25,	86,	46,	57,	68,	35,	48,	49,	5,	10,	11,	75,	98,	17,	51,	60,	38,	15,	26,	9,	58,	87,	94,	82,	22,	51,	28,	69,	38,	65,	24,	66,	20,	47,	7,	91,	50,	20,	12,	40,	96,	68,	70,	100,	74,	99,	92,	62,	100,	8,	63,	21,	75,	59,	94,	22,	92,	64,	77,	21,	82,	51,	39,	88,	19,	44,	97,	98,	57,	60,	58,	42,	73,	63,	23,	3,	57,	81,	64,	34,	67,	68,	93,	37,	24,	2,	80,	83,	52,	5,	31,	83,	12,	34,	83,	14,	96,	15,	49,	93,	98,	5,	41,	32,	35,	23,	48,	4,	67,	38,	56,	53,	35,	94,	69,	7,	84,	94,	54,	72,	66,	5,	98,	23,	48,	17,	63,	9

61,	49,	93,	50,	12,	28,	18,	53,	78,	78,	95,	75,	23,	76,	46,	63,	15,	21,	70,	63,	25,	18,	18,	33,	48,	51,	22,	85,	14,	92,	14,	67,	72,	33,	55,	32,	86,	17,	18,	5,	62,	13,	75,	28,	63,	46,	78,	2,	2,	2,	31,	35,	77,	26,	5,	61,	75,	50,	72,	42,	1,	14,	6,	33,	43,	57,	65,	92,	44,	38,	43,	13,	73,	73,	38,	81,	8,	17,	8,	13,	78,	22,	62,	86,	31,	52,	31,	91,	24,	50,	84,	4,	28,	2,	64,	78,	78,	89,	16,	48,	11,	23,	61,	39,	84,	50,	22,	65,	65,	77,	74,	72,	57,	94,	45,	23,	43,	87,	61,	91,	20,	19,	93,	80,	48,	88,	18,	79,	33,	49,	24,	30,	15,	73,	48,	22,	12,	6,	25,	64,	44,	3,	24,	34,	56,	31,	52,	46,	78,	43,	84,	93,	6,	3,	81,	7,	24,	87,	83,	94,	12,	23,	84,	30,	84,	90,	35,	67,	84,	70,	34,	95,	76,	4,	15,	5,	28,	82,	89,	76,	82,	49,	55,	61,	82,	14,	7,	72,	95,	45,	73,	34,	73,	15,	30,	43,	58,	37,	12,	57,	28,	15,	79,	18,	62,	86,	16,	39,	37,	53,	39,	80,	87,	18,	17,	90,	46,	77,	92,	3,	58,	91,	13,	60,	81,	18,	11,	21,	16,	2,	15,	72,	1,	80,	47,	49,	72,	79,	75,	33,	56,	77,	48,	65,	37,	92,	55,	10,	23,	46,	70,	75,	39,	33,	2,	71,	16,	22,	51,	24,	47,	37,	85,	57,	33,	78,	2,	51,	13,	55,	46,	64,	76,	19,	69,	20,	62,	22,	95,	59,	79,	36,	88,	23,	67,	18,	3,	71,	68,	11,	33,	58,	79,	43,	60,	12,	41,	25,	35,	35	


20,	98,	18,	76,	5,	61,	19,	6,	85,	94,	7,	100,	37,	92,	74,	14,	35,	27,	50,	64,	34,	42,	98,	11,	3,	35,	74,	18,	82,	30,	67,	100,	7,	58,	81,	13,	49,	17,	4,	32,	83,	19,	52,	69,	49,	88,	45,	20,	17,	62,	2,	10,	80,	47,	5,	42,	45,	98,	100,	81,	68,	14,	58,	67,	14,	23,	54,	16,	11,	69,	93,	6,	73,	36,	21,	71,	87,	3,	22,	71,	1,	2,	77,	39,	83,	54,	68,	15,	13,	16,	18,	24,	23,	1,	47,	30,	67,	53,	52,	82,	50,	13,	45,	61,	29,	46,	63,	3,	96,	32,	77,	41,	44,	38,	35,	32,	54,	5,	75,	12,	41,	1,	78,	43,	9,	19,	35,	80,	3,	76,	36,	25,	55,	44,	45,	83,	15,	92,	38,	17,	60,	35,	97,	75,	83,	40,	61,	63,	96,	47,	16,	77,	64,	75,	7,	52,	30,	12,	4,	77,	88,	59,	83,	66,	31,	17,	40,	29,	66,	9,	97,	89,	97,	4,	90,	89,	99,	76,	21,	10,	4,	1,	23,	50,	83,	63,	69,	9,	55,	69,	95,	20,	57,	77,	39,	31,	64,	89,	12,	78,	100,	26,	95,	37,	98,	93,	67,	89,	63,	3,	3,	47,	68,	7,	29,	26,	76,	95,	36,	71,	41,	81,	80,	81,	85,	95,	71,	8,	32,	70,	50,	87,	97,	47,	17,	69,	32,	63,	69,	57,	81,	96,	96,	41,	69,	39,	56,	95,	11,	36,	62,	35,	56,	60,	43,	80,	18,	73,	82,	45,	75,	68,	60,	34,	59,	48,	76,	17,	30,	58,	91,	46,	16,	73,	36,	99,	52,	92,	32,	85,	46,	62,	18,	56,	5,	71,	55,	55,	90,	19,	96,	87,	86,	9,	7,	60,	29,	78,	51,	92

42,	27,	22,	25,	55,	23,	78,	19,	55,	39,	63,	35,	56,	39,	82,	24,	67,	70,	18,	4,	46,	62,	49,	10,	56,	81,	14,	52,	26,	15,	1,	34,	82,	53,	6,	69,	79,	76,	17,	34,	32,	93,	36,	13,	40,	70,	59,	8,	9,	42,	15,	60,	47,	24,	24,	34,	72,	93,	76,	68,	35,	54,	41,	40,	20,	57,	93,	29,	58,	5,	7,	34,	63,	87,	41,	58,	95,	70,	71,	85,	88,	29,	64,	27,	7,	5,	61,	88,	66,	65,	37,	80,	37,	69,	58,	7,	3,	34,	86,	86,	85,	4,	27,	75,	72,	94,	65,	42,	30,	14,	66,	38,	53,	37,	30,	31,	16,	66,	30,	33,	82,	15,	10,	50,	64,	27,	84,	5,	37,	74,	64,	82,	44,	24,	87,	73,	84,	23,	42,	34,	37,	44,	26,	59,	85,	30,	41,	32,	58,	55,	9,	21,	21,	84,	13,	71,	78,	71,	61,	68,	63,	95,	12,	88,	82,	17,	76,	81,	73,	59,	90,	33,	47,	77,	37,	57,	48,	11,	83,	23,	43,	60,	69,	20,	18,	30,	17,	78,	64,	69,	10,	5,	82,	14,	11,	39,	72,	73,	45,	85,	72,	68,	74,	50,	8,	44,	50,	70,	57,	4,	20,	23,	42,	35,	89,	48,	36,	55,	67,	50,	29,	87,	44,	12,	45,	69,	54,	54,	85,	80,	10,	42,	49,	49,	4,	87,	94,	8,	40,	40,	31,	46,	3,	75,	85,	64,	88,	37,	8,	57,	86,	40,	27,	21,	61,	48,	67,	74,	91,	55,	13,	76,	30,	42,	1,	45,	47,	68,	31,	34,	50,	83,	76,	87,	12,	52,	63,	26,	46,	31,	64,	34,	58,	82,	91,	77,	3,	62,	24,	50,	94,	57,	35,	58,	48,	25,	61,	26,	60,	10	
